Table for converting Rolfsen numbering to Dowker-Thistlethwaite


      3 crossings 		     9 crossings alternating

        1     1 			     1    41
 					     2    27
      4 crossings			     3    38
 					     4    35
        1     1 			     5    36
 					     6    23
      5 crossings			     7    26
 					     8     8
        1     2 			     9    33
        2     1 			    10    39
 					    11    20
      6 crossings			    12    22
 					    13    34
        1     3 			    14    17
        2     2 			    15    10
        3     1 			    16    25
 					    17    14
      7 crossings			    18    24
 					    19     3
        1     7 			    20    19
        2     4 			    21    21
        3     5 			    22     2
        4     6 			    23    16
        5     3 			    24     7
        6     2 			    25     4
        7     1 			    26    15
					    27    12
8 crossings alternating 		    28     5
					    29    31
        1    11 			    30     1
        2     8 			    31    13
        3    18 			    32     6
        4    17 			    33    11
        5    13 			    34    28
        6    10 			    35    40
        7     6 			    36     9
        8     4 			    37    18
        9    16 			    38    30
       10     3 			    39    32
       11     9 			    40    37
       12     5 			    41    29
       13     7
       14     1 		    9 crossings nonalternating
       15     2
       16    15 			    42     4
       17    14 			    43     3
       18    12 			    44     1
					    45     2
8 crossings nonalternating		    46     5
					    47     7
       19     3 			    48     6
       20     1 			    49     8
       21     2 			    
	
	




   10 crossings alternating	       10 crossings nonalternating

  1    75	     61   123		        124      21
  2    59	     62    41		        125      15
  3   117	     63    51		        126      17
  4   113	     64   122		        127      16
  5    56	     65    42		        128      22
  6    70	     66    40		        129      18
  7    65	     67    37		        130      20
  8   114	     68    67		        131      19
  9   110	     69    38		        132      13
 10    64	     70    22		        133       4
 11   116	     71    10		        134       6
 12    43	     72     4		        135       5
 13    54	     73     3		        136       3
 14    33	     74    62		        137       2
 15    68	     75    27		        138       1
 16   115	     76    73		        139      27
 17   107	     77    18		        140      29
 18    63	     78    17		        141      25
 19   108	     79    78		        142      30
 20    74	     80     8		        143      26
 21    60	     81     7		        144      28
 22   112	     82    83		        145      14
 23    57	     83    84		        146      23
 24    71	     84    50		        147      24
 25    61	     85    86		        148      12
 26   111	     86    87		        149      11
 27    58	     87    39		        150       9
 28    44	     88    11		        151       8
 29    53	     89    21		        152      36
 30    34	     90    92		        153      10
 31    69	     91   106		        154       7
 32    55	     92    46		        155      39
 33   109	     93   101		        156      32
 34    19	     94    91		        157      42
 35    23	     95    47		        158      41
 36	5	     96    24		        159      34
 37    49	     97    12		        160      33
 38    29	     98    96		        161=162  31
 39    26	     99   103		        163      40
 40    30	    100   104		        164      35
 41    35	    101    45		        165      38
 42    31	    102    97		        166      37
 43    52	    103   105
 44    32	    104   118
 45    25	    105    72
 46    81	    106    95
 47    15	    107    66
 48    79	    108   119
 49    13	    109    93
 50    82	    110   100
 51    16	    111    98
 52    80	    112    76
 53    14	    113    36
 54    48	    114    77
 55	9	    115    94
 56    28	    116   120
 57	6	    117    99
 58    20	    118    88
 59	2	    119    85
 60	1	    120   102
		    121    90
		    122    89
		    123   121




















































</p>




</font>


</body>
</html>

