11    119      4  10  14  18  12   2   8  22  20   6  16
11    121      4  10  14  18  12   2  22   8  20   6  16
11    175      4  12  14  16  18   2  22   6  20  10   8
11    179      4  12  14  16  18  20   2   6   8  22  10
11    186      4  12  14  16  20   2  10   6  22   8  18
11    306      6  12  14  16  18  20   4   2  22  10   8
11    333      6  14  12  16  20  18   4   2  22  10   8
11    357      8  14  16  18  20  22   6   4   2  12  10
11    363      8  16  14  18  22  20   6   4   2  12  10
11    365     10  14  16  18  20  22   2   4   8   6  12
11    366     10  14  16  18  20  22   4   2   8   6  12
