12    435      4  10  18  14   2  22  16   8  20   6  24  12
12    471      4  10  20  14  12   2   8  24  22   6  18  16
12    477      4  10  20  16  12   2  24   8  22   6  18  14
12    499      4  12  14  16  18   2  24  22  20  10   8   6
12    503      4  12  14  16  18  22   2   6  20   8  24  10
12    506      4  12  14  16  18  24   2  22  20   8  10   6
12    510      4  12  14  16  20   2  10  24  22   8  18   6
12    561      4  12  16  14  20   2  24  18   6  22  10   8
12    615      4  12  16  24  20   2   8  18   6  22  10  14
12    975      6  10  20  12  16   2  18  22   8  24   4  14
12   1019      6  12  10  16  14  20  18  24  22   4   2   8
12   1022      6  12  10  24  14  20  18   8  22   4   2  16
12   1039      6  12  14  20  22  16   4   2  24  10   8  18
12   1127      6  14  12  22  20  16   4   2  24  10   8  18
12   1202      6  20  10  24  14   4  18   8  22  12   2  16
12   1273      8  14  16  18  20  22  24   4   6   2  10  12
12   1275      8  14  16  18  20  22  24   6   4   2  12  10
12   1281      8  16  18  14  22  24  20   6   4   2  12  10
12   1287      8  18  16  14  24  22  20   6   4   2  12  10
12   1288     10  12  20  16  18   2  22  24   8   4   6  14
