13   1739      4  12  14  16  18  20   2  26  24  22  10   8   6
13   1786      4  12  14  16  20  24   2  18   6  22   8  26  10
13   1882      4  12  14  18  20  24   2  26  10  22   8   6  16
13   1912      4  12  14  18  24   2  10  20   6  16  26   8  22
13   2070      4  12  16  18  22  14   2  10   6  26  24   8  20
13   2073      4  12  16  18  22  14   2  26   6  10  24   8  20
13   2100      4  12  16  20  14   2  10  26  24  22   8  18   6
13   2112      4  12  16  20  18   2  26  10  24  22   8   6  14
13   2114      4  12  16  20  18   2  26  24  10  22   8   6  14
13   2137      4  12  16  22  14   2  10   8  26  24   6  20  18
13   2677      4  14  16  18  20  22   2  26   6   8  24  12  10
13   2689      4  14  16  18  20  22  24   2   6   8  10  26  12
13   2705      4  14  16  18  20  24   2  12   6   8  26  10  22
13   2727      4  14  16  18  22  26  24   2   8   6  10  20  12
13   4292      6  14  16  18  20  22   2   4  26  24  10  12   8
13   4295      6  14  16  18  20  22   4   2  26  24  12  10   8
13   4296      6  14  16  18  20  22  24   4   2   8  26  12  10
13   4302      6  14  16  18  22  24   2   4  12  26   8  10  20
13   4304      6  14  16  18  22  24   4   2  12  26  10   8  20
13   4532      6  16  14  18  20  24  22   4   2   8  26  12  10
13   4864     10  16  18  20  22  24  26   2   8   6   4  14  12
13   4872     10  16  20  18  22  26  24   2   8   6   4  14  12
13   4875     12  16  18  20  22  24  26   2   4   6  10   8  14
13   4876     12  16  18  20  22  24  26   2   6   4  10   8  14
13   4877     12  16  18  20  24  22  26   4   2   8   6  10  14
