14   6955      4  12  14  20  22  16   2  28  10  26  24   8   6  18
14   6965      4  12  14  20  22  18   2  28  26  10  24   8   6  16
14   7382      4  12  16  18  22  14   2  10  28  26  24   8  20   6
14   7393      4  12  16  18  22  14   2  28  26  10  24   8  20   6
14   7732      4  12  16  22  26  18   2   6  14  28   8  20  10  24
14   9194      4  12  22  16  14   2  10   8  28  26  24   6  20  18
14   9250      4  12  22  18  14   2  10  28   8  26  24   6  20  16
14   9315      4  12  22  20  16   2  28  10  26   8  24   6  18  14
14   9328      4  12  22  20  18   2  28  26  10   8  24   6  16  14
14  10033      4  14  16  18  20  22  24   2   6  28  10  26  12   8
14  10040      4  14  16  18  20  22  26   2   6   8  24  10  28  12
14  10074      4  14  16  18  20  24   2  28  26  22  10   8   6  12
14  10131      4  14  16  18  22  24   2  28  20   8   6  26  12  10
14  10152      4  14  16  18  22  28   2  12  26   8  24  10  20   6
14  10435      4  14  18  16  22  26  20   2   6  28  24   8  12  10
14  16495      6  14  16  18  20  22  24   4   2  28  26  12  10   8
14  16617      6  14  16  22  24  18   2   4  12  28  26   8  10  20
14  16621      6  14  16  22  24  18   4   2  12  28  26  10   8  20
14  16623      6  14  16  22  24  20   2   4  28  12  26   8  10  18
14  16626      6  14  16  22  24  20   4   2  28  12  26  10   8  18
14  17388      6  16  14  18  20  24  22   4   2  28  26  12  10   8
14  19298      8  16  18  20  22  24  26   2   4   6  28  10  12  14
14  19301      8  16  18  20  22  24  26   2   6   4  28  10  14  12
14  19303      8  16  18  20  22  24  26   6   4   2  28  14  12  10
14  19339      8  16  20  18  24  22  26   4   2   6  28  10  14  12
14  19364      8  18  16  20  22  26  24   6   4   2  28  14  12  10
14  19470     10  12  14  16  18  20  22  24  26  28   2   4   6   8
