15  24566      4  10  26  14   2  18   8  24  20  12  28  16   6  30  22
15  24687      4  10  26  24   2  14  20   8   6  12  28  18  16  30  22
15  25949      4  12  14  18  22  28   2  20   6  16  24   8  30  10  26
15  29222      4  12  16  22  18   2  28  26  20  10  24   8   6  30  14
15  29646      4  12  16  24  20   2  28  10  26   8  18   6  22  30  14
15  32139      4  12  18  24  16  14   2  10   8  30  28  26   6  22  20
15  32142      4  12  18  24  16  14   2  10  30   8  28  26   6  22  20
15  32196      4  12  18  24  20  14   2  30  10  28   8  26   6  22  16
15  32199      4  12  18  24  20  14   2  30  28  10   8  26   6  22  16
15  33565      4  12  20  16  26  14   2  30  22   6  18  10  28   8  24
15  35274      4  12  20  30  26  14   2   8  22   6  18  28  10  24  16
15  39533      4  14  16  18  20  22   2  30  28  26  24  12  10   8   6
15  39548      4  14  16  18  20  22  24   2  30   8  28  26  12  10   6
15  39604      4  14  16  18  20  22  30   2  28  26  24  10  12   8   6
15  39611      4  14  16  18  20  24   2  12  30  28  26  10  22   8   6
15  39671      4  14  16  18  20  24  28   2   6  22   8  26  10  30  12
15  39939      4  14  16  18  22  24  30   2  12  28   8  26  10  20   6
15  39961      4  14  16  18  22  26   2  30  12  28  24  10   8  20   6
15  39992      4  14  16  18  22  28   2  12   6  24   8  20  30  10  26
15  40000      4  14  16  18  22  28   2  30  20   6  24  10   8  12  26
15  40589      4  14  16  20  22  24  28   2  30   6  12  26  10   8  18
15  40731      4  14  16  20  24  28   2  12  30  10  26   8  22   6  18
15  42128      4  14  18  20  22  26  16   2  12   6   8  30  28  10  24
15  42136      4  14  18  20  22  26  16   2  30   6   8  12  28  10  24
15  42198      4  14  18  20  24  16   2  12  30   6  28  26  10  22   8
15  42220      4  14  18  20  24  22   2  30  12   6  28  26  10   8  16
15  42223      4  14  18  20  24  22   2  30  28   6  12  26  10   8  16
15  42293      4  14  18  20  26  16   2  12  10   6  30  28   8  24  22
15  50208      4  16  18  20  22  24  26   2  30   6   8  10  28  14  12
15  50237      4  16  18  20  22  24  26  28   2   6   8  10  12  30  14
15  50276      4  16  18  20  22  24  28   2  14   6   8  10  30  12  26
15  50294      4  16  18  20  22  24  28  30   2   8   6  26  10  14  12
15  50384      4  16  18  20  24  22  28   2  30   8   6  26  10  14  12
15  50435      4  16  18  20  24  30  28   2  14   8   6  26  10  22  12
15  64035      6  10  26  12  16   2  18  22   8  24  28  14  30   4  20
15  71509      6  14  16  20  24  26  18   4   2  12  30  28  10   8  22
15  71512      6  14  16  20  24  26  18   4   2  30  12  28  10   8  22
15  74206      6  14  22  30  18  16  24   2  10  28  26   4  12  20   8
15  74381      6  14  22  30  28  16  24   2  10   8  26   4  12  20  18
15  75786      6  16  14  20  26  24  18   4   2  12  30  28  10   8  22
15  75787      6  16  14  20  26  24  18   4   2  30  12  28  10   8  22
15  75986      6  16  18  20  22  24  26   2   4  30   8  28  12  14  10
15  75994      6  16  18  20  22  24  26   4   2  30   8  28  14  12  10
15  76000      6  16  18  20  22  24  26  28   4   2   8  10  30  14  12
15  76022      6  16  18  20  22  26  28   2   4  14   8  30  10  12  24
15  76024      6  16  18  20  22  26  28   4   2  14   8  30  12  10  24
15  77993      6  18  10  24   2  16  28  20   4  12  26   8  30  14  22
15  78558      6  18  16  20  22  24  28  26   4   2   8  10  30  14  12
15  81151      6  24  22  30  18  16   4   2  10  28  26  14  12  20   8
15  81179      6  24  22  30  28  16   4   2  10   8  26  14  12  20  18
15  81370      8  10  12  16  24  18  20  22  26   4  28  30   2   6  14
15  81477      8  10  12  26  24  18  20  22   6   4  28  30   2  16  14
15  81803      8  10  16  24   2  18  20  26   4  12  28  30   6  14  22
15  82451      8  10  26  24   2  18  20   6   4  12  28  30  16  14  22
15  82698      8  12  16  30  24  18  22  26  10   4  28   2   6  20  14
15  83361      8  12  26  30  24  18  22   6  10   4  28   2  16  20  14
15  83814      8  14  20  26   2  18  24  30   6  12  28   4  10  16  22
15  84276      8  16  18  20  22  24  26  28   4   6   2  30  12  14  10
15  84278      8  16  18  20  22  24  26  28   6   4   2  30  14  12  10
15  84769      8  18  20  16  22  26  28  24   6   4   2  30  14  12  10
15  84903      8  18  28  14  24   4  20  30  10  26   6  16   2  12  22
15  84924      8  20  16  18  22  28  24  26   6   2   4  30  14  10  12
15  84956      8  20  18  16  22  28  26  24   6   4   2  30  14  12  10
15  85128     10  16  18  22  24  20  26  28   4   2  30   8   6  14  12
15  85169     10  18  16  24  22  20  28  26   4   2  30   8   6  14  12
15  85178     10  18  20  22  24  26  28  30   8   4   6   2  16  12  14
15  85180     10  18  20  22  24  26  28  30   8   6   4   2  16  14  12
15  85220     10  18  26  22  24  20  28   6   2   4  30   8  16  12  14
15  85223     10  18  26  24  22  20  28   6   4   2  30   8  16  14  12
15  85224     10  20  22  18  24  28  30  26   6   8   4   2  14  16  12
15  85226     10  20  22  18  24  28  30  26   8   6   4   2  16  14  12
15  85234     10  22  20  18  24  30  28  26   8   6   4   2  16  14  12
15  85242     12  18  20  22  24  26  28  30   2   4  10   8   6  16  14
15  85252     12  18  20  24  22  26  30  28   2   4  10   8   6  16  14
15  85254     12  18  20  24  26  22  28  30   6   4   2  10   8  16  14
15  85257     12  20  18  26  24  22  30  28   6   4   2  10   8  16  14
15  85259     14  18  20  22  24  26  28  30   2   4   6   8  12  10  16
15  85260     14  18  20  22  24  26  28  30   2   4   8   6  12  10  16
15  85261     14  18  20  22  24  26  28  30   4   2   8   6  12  10  16
15  85262     14  18  22  20  24  28  26  30   4   2   6  10   8  12  16
