16  43951      4   8  20   2  12  16  28  10  22   6  24  18  30  14  32  26
16  44936      4   8  20   2  22  26  18  12  32  14   6  28  10  30  24  16
16 102591      4  10  24  18  12   2  30  20   8  16  26   6  22  32  14  28
16 116559      4  12  14  24  18  20   2  28  30  22  10  26   6   8  32  16
16 122950      4  12  16  20  28  14   2  10  24  22   6  18  32  30   8  26
16 125918      4  12  16  24  28  20   2  18   6  14  32   8  22  30  10  26
16 157295      4  12  24  20  16   2  30  10  28  22   8  26   6  18  32  14
16 157386      4  12  24  20  18   2  30  28  10  22   8  26   6  16  32  14
16 160302      4  12  24  32  18   2   8  28  20  10  14  26   6  30  16  22
16 161248      4  12  26  18  16  14   2  10   8  32  30  28   6  24  22  20
16 161606      4  12  26  20  16  14   2  10  32   8  30  28   6  24  22  18
16 162086      4  12  26  22  18  14   2  32  10  30   8  28   6  24  20  16
16 162170      4  12  26  22  20  14   2  32  30  10   8  28   6  24  18  16
16 169837      4  14  16  18  20  22  24   2  32  30  28  26  12  10   8   6
16 170113      4  14  16  18  20  24  30   2  28  22   8  26  10   6  32  12
16 171008      4  14  16  18  22  26  30   2  20   6  24   8  28  10  32  12
16 173315      4  14  16  20  22  24  30   2  32  28  12  26  10   8   6  18
16 175416      4  14  16  22  24  18   2  32  12  30  28  26  10   8  20   6
16 175453      4  14  16  22  24  18  32   2  12  30  28  26   8  10  20   6
16 175466      4  14  16  22  24  20   2  32  12  30  28  26  10   8   6  18
16 175504      4  14  16  22  24  20  32   2  12  30  28  26   8  10   6  18
16 175698      4  14  16  22  26  18   2  12  32  10  30  28   8  24   6  20
16 175753      4  14  16  22  26  20   2  12  32  30  10  28   8  24   6  18
16 178893      4  14  18  16  24  28  22   2  20   6  32  26   8  30  12  10
16 180177      4  14  18  20  24  16   2  12  32  30  28  26  10  22   8   6
16 180238      4  14  18  20  24  22   2  32  12  30  28  26  10   8   6  16
16 180241      4  14  18  20  24  22   2  32  30  28  12  26  10   8   6  16
16 180428      4  14  18  20  24  28  16   2  32  30  10  26   8  22   6  12
16 180503      4  14  18  20  24  32  16   2  12  30  28  26   8  22  10   6
16 180535      4  14  18  20  26  16   2  12  10  32  30  28   8  24  22   6
16 219650      4  16  18  20  22  24  26   2  32   6  30  10  28  14  12   8
16 219693      4  16  18  20  22  24  26  30   2   6   8  10  28  12  32  14
16 219717      4  16  18  20  22  24  26  32   2   6  30  10  28  12  14   8
16 219741      4  16  18  20  22  24  28   2  14   6  32  10  30  12  26   8
16 219928      4  16  18  20  22  26  28   2  32   6  24  10   8  30  14  12
16 220003      4  16  18  20  22  26  32  30   2  28  10   8  12  24   6  14
16 223267      4  16  20  18  24  22  28   2  32   6  30  26  10  14  12   8
16 223382      4  16  20  18  24  30  28   2  14   6  32  26  10  22  12   8
16 267418      6   8  20   2  14  16  28  10  22  24   4  18  30  32  12  26
16 267899      6   8  20   2  22  26  18  32  12  14   4  28  30  10  24  16
16 316443      6  14  16  26  28  20  18   4   2  12  32  30  10   8  24  22
16 316459      6  14  16  26  28  22  18   4   2  32  12  30  10   8  24  20
16 333777      6  16  14  28  26  20  18   4   2  12  32  30  10   8  24  22
16 333779      6  16  14  28  26  22  18   4   2  32  12  30  10   8  24  20
16 334006      6  16  18  20  14  24  26  28  22  32   2   4  30   8  10  12
16 334024      6  16  18  20  22  24  26   2   4  32  30  28  12  14  10   8
16 334029      6  16  18  20  22  24  26   4   2  32  30  28  14  12  10   8
16 334033      6  16  18  20  22  24  26  32   4   2  30  28  12  10  14   8
16 334040      6  16  18  20  22  24  28  30   4   2  26  10   8  32  14  12
16 334055      6  16  18  20  22  26  28   2   4  14  32  30  10  12  24   8
16 334067      6  16  18  20  22  26  28   4   2  14  32  30  12  10  24   8
16 336398      6  16  20  26  14  24  28   2  22  32   4  10  30   8  12  18
16 344680      6  18  16  20  22  26  24  32   4   2  30  28  12  10  14   8
16 344696      6  18  16  20  24  22  30  28   4   2  26  10   8  32  14  12
16 357361      6  28  10  32  14   4  18   8  22  12  26  16  30  20   2  24
16 372108      8  16  18  20  26  28  30  22   4   6   2  32  14  10  12  24
16 372110      8  16  18  20  26  28  30  22   6   4   2  32  14  12  10  24
16 374415      8  18  20  16  28  30  26  22   6   4   2  32  14  12  10  24
16 375093      8  20  16  18  28  30  26  22   6   2   4  32  12  14  10  24
16 375173      8  20  18  16  30  28  26  22   6   4   2  32  14  12  10  24
16 375396      8  22  12  26  16  30  20   2  24   6  28  10  32  14   4  18
16 378542     10  14  16  28  18  22  24   4  26  30  32  12   2   6   8  20
16 379325     10  16  14  28  18  24  22   4  26  32  30  12   2   8   6  20
16 379548     10  18  20  22  24  26  28  30  32   4   6   8   2  12  14  16
16 379551     10  18  20  22  24  26  28  30  32   4   8   6   2  12  16  14
16 379553     10  18  20  22  24  26  28  30  32   8   6   4   2  16  14  12
16 379583     10  18  20  24  22  26  28  32  30   6   4   8   2  14  12  16
16 379600     10  18  22  20  24  26  30  28  32   8   6   4   2  16  14  12
16 379643     10  20  22  24  18  28  30  32  26   8   4   6   2  16  12  14
16 379645     10  20  22  24  18  28  30  32  26   8   6   4   2  16  14  12
16 379718     10  22  24  18  20  30  32  26  28   8   6   4   2  16  14  12
16 379725     10  22  24  20  18  30  32  28  26   8   6   4   2  16  14  12
16 379769     10  24  22  20  18  32  30  28  26   8   6   4   2  16  14  12
16 379778     12  14  16  18  20  22  24  26  28  30  32   2   4   6   8  10
16 379798     12  16  22  26  20  24  30   2  28  32   6  10   4   8  14  18
