12    276      4   8 -20 -12   2 -18 -22  -6 -10 -16 -24 -14
12    518      4  10 -18 -14   2  22 -16  -8 -20  -6  24  12
12    549      4  12  14 -16 -18   2  10 -20 -22 -24  -6  -8
12    555      4  12 -16 -14  18  22   2  -6  20   8  24  10
12    556      4  12  16  14  18 -22   2   6  20   8 -24 -10
12    642      4  14 -18 -16 -20 -24 -22   2  -6 -10  -8 -12
12    706      6  10 -12  16 -14  20 -18 -22  24  -4   2  -8
12    806      6 -10 -20  12 -16  -2  18 -22  -8  24  -4 -14
12    837      6 -12 -10  16  14 -20 -18  24  22  -4  -2   8
12    839      6 -12  10  16  14 -20  18  24  22  -4   2   8
12    843      6 -12 -10  24  14 -20 -18   8  22  -4  -2  16
12    844      6 -12  10  24  14 -20  18   8  22  -4   2  16
12    881      6 -20 -10  24  14  -4 -18   8  22 -12  -2  16
12    887      8  10  12  24  18  20   6 -22   2   4 -14 -16
12    888     10  12 -20 -16 -18   2  22  24  -8  -4  -6  14
