14    9060      4  10 -14 -20  16   2 -24  28  26 -22  -6 -18 -12   8
14   13135      4  10 -22  12  16   2  18  26   8 -24  -6 -20  28  14
14   13191      4  10 -22 -14   2 -16 -20  -8  26 -12 -24  -6  28  18
14   14148      4  12  16  14 -18  24   2   6 -22 -26  -8  28 -20  10
14   14190      4  12 -16 -14  20  24   2  -6  28  10 -26   8  18 -22
14   14225      4  12 -16 -14  20  26   2 -18  -6  22   8  28  10  24
14   14226      4  12  16  14  20 -26   2  18   6  22   8 -28 -10 -24
14   15068      4  12 -16 -22 -20 -26   2 -18  -6 -14  -8 -28 -10 -24
14   16318      4  12  18  28  22   2   8 -24 -26   6  14  10 -16  20
14   16414      4  12 -20 -16 -14   2 -22 -26 -24 -28 -10 -18  -8  -6
14   16415      4  12 -20  16 -14   2 -22  26 -24 -28 -10 -18   8  -6
14   16682      4  12 -20 -26 -14   2 -22  -8 -24 -28 -10 -18 -16  -6
14   17159      4  12  24 -28  16   2  -8 -22  10 -26 -14  18   6 -20
14   17946      4  14  18  16  20 -26   2  28   6  22  10   8 -12 -24
14   17954      4  14 -18 -16 -22 -20  24   2  -6 -28 -10  26  12  -8
