15    33411	4   8  20   2 -14  24 -18 -30 -12   6 -16  28  10  22  26
15    40192	4  10  14 -16	2 -18 -30 -24  22 -12 -28  -8	6 -20 -26
15    40203	4  10  14  16	2 -18 -30  24  22 -12 -28   8	6 -20 -26
15    47776	4  10  14 -24	2  18	8  26  20  12  28  16  -6  30  22
15    47929	4  10  14  24	2 -18 -30   8  22 -12 -28  16	6 -20 -26
15    48961	4  10 -14  26	2  18  -8 -22  24  12 -28  30 -20   6 -16
15    60681	4  10 -18 -12  24   2 -20  30  -6 -16  28  26	8  22  14
15    62257	4  10  18 -16 -24   2  20 -28 -30  14  12 -26  -8 -22  -6
15    76398	4  12  16 -18 -20   2 -28 -30 -24 -26 -10   6  -8  22 -14
15    96223	4  14 -10 -18  30 -16  24   2 -22 -28  -6  26  12   8 -20
15    99226	4  14 -18 -16  20  24  28   2  -6  22	8  26  10  30  12
15   100284	4  14 -18 -20  26 -22	2 -28 -30  -6 -10 -12	8  24 -16
15   112310	4  16 -20 -18 -22 -26 -24  28	2  -6 -10  -8 -12  30  14
15   122907	6   8  20   2 -16  26 -18 -30 -12   4 -14  28  10  22  24
15   132539	6 -10  16 -24  18  -4 -20  26	2  28 -14  -8  30  12  22
15   132548	6 -10  16  24  18  -4  20 -28	2  12 -26 -30	8 -14 -22
15   142117	6 -10 -26  12 -16  -2  18 -22  -8  24 -28 -14  30  -4 -20
15   145244	6  12  14 -16  18  28  22 -30  24 -26	4   2  -8  10 -20
15   153976	6  12  22  18 -28  16 -24   2  10  30  26 -14	4  20  -8
15   154660	6  12  22  30  18  16 -24   2  10  28  26 -14	4  20	8
15   154766	6  12  22  30  28  16 -24   2  10   8  26 -14	4  20  18
15   159643	6 -14 -22  16 -18  20 -24  -2  26 -28  30  -4  -8  10 -12
15   159957	6 -14 -22  18 -28  16 -24  -2  10  30  26  -4 -12  20  -8
15   159959	6  14  22  18 -28  16  24   2  10  30  26   4  12  20  -8
15   160415	6 -14 -22  30  18  16 -24  -2  10  28  26  -4 -12  20	8
15   160533	6 -14 -22  30  28  16 -24  -2  10   8  26  -4 -12  20  18
15   162070	6  16  18 -22 -24 -20  26  28	4   2 -10  -8  30  14  12
15   164339	6  18  16 -24 -22 -20  28  26	4   2 -10  -8  30  14  12
15   165706	6 -24 -22  18 -28  16  -4  -2  10  30  26 -14 -12  20  -8
15   165708	6  24  22  18 -28  16	4   2  10  30  26  14  12  20  -8
15   165735	6 -24 -22  30  18  16  -4  -2  10  28  26 -14 -12  20	8
15   165748	6 -24 -22  30  28  16  -4  -2  10   8  26 -14 -12  20  18
15   166014	8 -10  12  16 -24  18 -20  22  26  -4  28 -30	2   6 -14
15   166015	8  10  12 -16  24  18  20  22 -26   4  28  30	2  -6  14
15   166130	8  10  12 -24  16  26  20  22	2  -6  28  30 -18   4  14
15   166170	8 -10  12  26 -24  18 -20  22	6  -4  28 -30	2  16 -14
15   166307	8  10  14  24	2  18  20 -26	4  12  28  30 -16   6  22
15   167645	8 -14 -20 -26	2  18 -24 -30  -6  12  28  -4 -10 -16  22
15   168004    10  16 -14  22  18  28  26 -24	2 -30	8   6  -4  12 -20
15   168006    10  16  14  22  18  28  26  24	2 -30	8   6	4  12 -20
15   168007    10 -16 -18 -22 -24  20 -26 -28  -4  -2  30  -8  -6 -14 -12
15   168014    10  16  24  22  18  28  26   4	2 -30	8   6  14  12 -20
15   168023    10 -18 -26 -22 -24  20 -28  -6  -2  -4  30  -8 -16 -12 -14
15   168025    10 -18  26 -22 -24  20 -28   6  -2  -4  30  -8  16 -12 -14
