16    59169      4   8 -12 -20   2 -18 -24  26  -6 -10  28 -32 -30  22  16 -14
16   179437      4   8 -20   2 -12 -16  28 -10  22  -6  24  18 -30  14 -32 -26
16   179438      4   8 -20   2  12  16 -28  10  22  -6  24  18  30 -14  32  26
16   179441      4   8  20   2 -12 -16 -28 -10  22   6  24  18 -30 -14 -32 -26
16   179454      4   8 -20   2 -12 -16  28 -10 -22 -24  -6 -18  30  32  14  26
16   179455      4   8 -20   2  12  16 -28  10 -22 -24  -6 -18 -30 -32 -14 -26
16   185000      4   8  20   2 -22  26  18  12  32  14   6  28  10  30  24  16
16   186389      4   8 -20   2  26  16  18  30  12  -6 -32  28  10  22  24  14
16   190380      4   8 -20 -12   2 -18 -24 -30  -6 -10  28 -16 -32  22  26 -14
16   249418      4  10 -14 -20 -24   2 -18  26  -6 -12 -30  -8  32  16 -22 -28
16   319598      4  10 -16 -26  14   2  20  32  28  22  12   8 -30  18  -6 -24
16   394431      4  10 -24 -18  12   2  30 -20  -8 -16 -26  -6 -22  32  14  28
16   404141      4  10 -28 -14   2 -16 -20  -8  24 -12  26  32  18 -30  -6  22
16   422612      4  12  14 -24 -18 -20   2  28  30 -22 -10 -26  -6  -8  32  16
16   426932      4  12  16  14 -22  28   2  18   6 -24  30  -8  32  10  26  20
16   442594      4  12  16  20  24   2 -30 -32  10  26   8 -28   6 -22  18 -14
16   450385      4  12 -16 -22 -28   2  32 -18  -6 -14 -24  -8 -20 -30 -10 -26
16   450388      4  12  16 -22  28   2  32  18   6  14 -24  -8 -20  30  10  26
16   468057      4  12 -18 -14  22  28   2 -20  -6 -16  24   8  32  30  10  26
16   468058      4  12  18  14  22 -28   2  20   6  16  24   8 -32 -30 -10 -26
16   488149      4  12 -18 -24 -22 -28   2 -20  -6 -16 -14  -8 -32 -30 -10 -26
16   512345      4  12  20 -22  28   2  26  10 -24  30  32 -18  -8  14  16   6
16   524438      4  12 -22  16 -18   2 -24  30 -28 -14 -32 -10 -20  -6   8 -26
16   525436      4  12 -22 -16 -26   2 -24 -30  28  -6 -32 -10 -14  18  -8 -20
16   527207      4  12 -22 -18 -26   2 -24 -30 -28  -6 -32 -10 -14  -8 -16 -20
16   533303      4  12 -22 -28 -26   2 -24 -30  -8  -6 -32 -10 -14 -18 -16 -20
16   578766      4  14 -18  16  22 -28   2  20  30 -32  24  10   8 -12 -26  -6
16   578783      4  14  18  16  22 -28   2  32  20   6  24  10   8 -30 -12 -26
16   583487      4  14 -18 -20  26 -22   2 -30 -32 -28 -10 -12   8  24  -6 -16
16   596128      4  14 -20 -16 -24 -30 -26   2 -22  -6 -18 -10  -8 -32 -12 -28
16   671889      4  16 -20 -22 -18  24  28  30   2  -8  -6  26  10  32  14  12
16   671890      4  16  20  22  18  24 -28 -30   2   8   6  26  10 -32 -14 -12
16   672619      4  16 -20 -22 -26 -24 -28 -30   2  -8  -6 -18 -10 -32 -14 -12
16   679407      4  16 -22 -20 -18  24  30  28   2  -8  -6  26  10  32  14  12
16   679408      4  16  22  20  18  24 -30 -28   2   8   6  26  10 -32 -14 -12
16   679724      4  16 -22 -20 -26 -24 -30 -28   2  -8  -6 -18 -10 -32 -14 -12
16   681774      4  16  22 -24 -32 -18  20   2 -10 -26  28 -30 -12  14   6  -8
16   689598      4  16 -26 -12 -18 -28 -22   2 -24  30  -8 -14 -32  -6  20 -10
16   689659      4  16 -26 -12 -20 -28 -22   2 -24 -30  -8 -14 -32  -6 -10 -18
16   689997      4  16 -26 -12 -30 -28 -22   2 -24 -10  -8 -14 -32  -6 -20 -18
16   699194      4  18 -10  22 -24 -16 -20 -28   2 -12  26 -30  32 -14  -6   8
16   723153      4  18 -22 -24 -20 -26 -30 -32 -28   2  -8  -6 -12 -10 -16 -14
16   725993      4  18 -24 -22 -20 -26 -32 -30 -28   2  -8  -6 -12 -10 -16 -14
16   753586      6   8  20   2 -14 -16 -28 -10  22  24   4  18 -30 -32 -12 -26
16   784929      6 -10 -14 -26  -2 -16 -20  -4 -22  30 -12 -28  32  -8  18  24
16   843750      6 -10 -28  12  16  -2 -20   8 -22 -26 -14  30 -18  32  -4  24
16   847925      6 -10  28  30  14  -4 -18   8 -22 -12  26 -16 -32  20   2 -24
16   851165      6 -10  30  28  16  -4 -18   8 -22  26 -14 -12 -32  20   2 -24
16   865371      6  12  14  24  18  20  22 -32  26  28   4   2  30  10   8 -16
16   865869      6  12  14  24  28  20  22 -32  26   8   4   2  30  10  18 -16
16   946491      6 -14 -22  16 -20 -28 -24  -2  26 -30 -12  -4  -8  32 -10 -18
16   963982      6  16  18  20 -14 -24 -26 -28  22  32   2   4 -30  -8 -10 -12
16   966030      6  16  20 -26 -14 -24 -28   2  22  32   4 -10 -30  -8 -12  18
16   991379      6 -28 -10  32  14  -4 -18   8  22 -12 -26  16  30 -20  -2  24
16   992043      8  10  12  20  28  18 -24  22   4  26 -32  30   6   2 -16  14
16   995250      8  10  18  14  22 -28  20 -32  24  26   2  30   6 -12   4 -16
16  1007302      8  16  30  20 -26  18   6  28  24  32  14   4 -10   2  22  12
16  1007813      8 -20  18  24 -22  28  -2   6 -30 -26 -12  32  14  -4  10 -16
16  1007873      8 -22 -12  26  16 -30 -20   2  24  -6 -28  10  32 -14  -4  18
16  1008298     10  12  14 -18 -30  22  24  26  -6 -28  32   2   4  16  -8  20
16  1008811     10  14  28  16 -24  22   4   2  26  30  12  32  -8   6  20  18
16  1008905     12  16 -22 -26 -20 -24  30   2  28  32  -6 -10  -4  -8  14  18
