   1   3   2   1   6   5   1   1  10   9   1   3   2   1   6   5   1   1  10   9
   3   2   1   5   4   2   2   9   8   2   3   2   1   5   4   2   2   9   8   2
   2   1   3   6   3   4   3  10   3   8   2   1   3   6   3   4   3  10   3   8
   4   5   6   4   2   3   8   7   4   4   4   5   6   4   2   3   8   7   4   4
   6   4   5   2   5   1   9   5   7   5   6   4   5   2   5   1   9   5   7   5
   5   6   4   3   1   6  10   6   6   7   5   6   4   3   1   6  10   6   6   7
   7   7   7   8   9  10   7   4   5   6   7   7   7   8   9  10   7   4   5   6
   8   9  10   7   8   8   4   8   2   3   8   9  10   7   8   8   4   8   2   3
  10   8   9   9   7   9   5   2   9   1  10   8   9   9   7   9   5   2   9   1
   9  10   8  10  10   7   6   3   1  10   9  10   8  10  10   7   6   3   1  10
   1   1   4   5   8   5   8   4   6   7   3  17  14  16  19  20  16  13  20  14   1   1   8   8   4   4   5   5  17  19  13   6  20  20   7  14  14   3  16  16
   2   2   7   3   6   3   6   7   8   4   5  20  19  13  14  17  13  16  17  19   2   2   6   6   7   7   3   3  20  14  16   8  17  17   4  19  19   5  13  13
   7   6   3   6   3   7   2   2  10  12  13  16  12  15  16  10   9   1   8   4   6   7   3   2   3   2   6   7  16  16   1  10  10   8  12  12   4  13  15   9
   8   5   8   4   1   1   4   5  11  14  12  19  18  12   2   6   3  19  11   9   5   8   1   4   8   5   4   1  19   2  19  11   6  11  14  18   9  12  12   3
   4   8   5   8   5   4   1   1  15   9  16  13   9  10  13  15  12   2   6   7   8   4   5   1   5   1   8   4  13  13   2  15  15   6   9   9   7  16  10  12
   3   7   2   2   7   6   3   6  17  11  15   1   4   5  20  18  15  20  10  11   7   3   7   3   2   6   2   6   1  20  20  17  18  10  11   4  11  15   5  15
   6   3   6   7   2   2   7   3  18  19   9  14  11   9   1   8   5  14  18  12   3   6   2   7   6   3   7   2  14   1  14  18   8  18  19  11  12   9   9   5
   5   4   1   1   4   8   5   8  20  18  10   2   7   3  17  11  10  17  15  18   4   5   4   5   1   8   1   8   2  17  17  20  11  15  18   7  18  10   3  10
  11  10  15  18  13  19  14  16   9  13  14   9  15  18   5   5   4   7   7   3  10  11  13  14  15  16  18  19   9   5   7   9   5   7  13  15   3  14  18   4
   9  11  16  20  12  18  13  17  16  10  17   3   3   6  10  12  18   8   5   8  11   9  12  13  16  17  20  18   3  10   8  16  12   5  10   3   8  17   6  18
  10   9  17  19  14  20  12  15  19  20  11   4   8   4   6   7   6  11  12  15   9  10  14  12  17  15  19  20   4   6  11  19   7  12  20   8  15  11   4   6
  18  15  10  11  16  14  19  13  12  16  19  12  10  11   3   3   7   4   4   5  15  18  16  19  10  13  11  14  12   3   4  12   3   4  16  10   5  19  11   7
  19  17   9  10  15  12  20  14   5   5   1  15  13  17   9  13  19   3   2   2  17  19  15  20   9  14  10  12  15   9   3   5  13   2   5  13   2   1  17  19
  20  16  11   9  17  13  18  12   7   2   7  18  20  14   4   1   1   9  14  16  16  20  17  18  11  12   9  13  18   4   9   7   1  14   2  20  16   7  14   1
  12  18  13  17   9  11  16  20  13  15  20   5   5   8  15   9  11   6   3   6  18  12   9  16  13  20  17  11   5  15   6  13   9   3  15   5   6  20   8  11
  14  20  12  15  10   9  17  19   3   3   2  10  16  20  12  16  14   5   1   1  20  14  10  17  12  19  15   9  10  12   5   3  16   1   3  16   1   2  20  14
  13  19  14  16  11  10  15  18   1   8   8   6   2   2  18  19  17  10  13  17  19  13  11  15  14  18  16  10   6  18  10   1  19  13   8   2  17   8   2  17
  15  12  20  14  19  17   9  10  14  17  18   7   6   7   8   4   8  18   9  10  12  15  19   9  20  10  14  17   7   8  18  14   4   9  17   6  10  18   7   8
  17  13  18  12  20  16  11   9   4   1   4  11  17  19   7   2   2  12  19  13  13  17  20  11  18   9  12  16  11   7  12   4   2  19   1  17  13   4  19   2
  16  14  19  13  18  15  10  11   2   6   6   8   1   1  11  14  20  15  16  20  14  16  18  10  19  11  13  15   8  11  15   2  14  16   6   1  20   6   1  20
   1   6   4   2   1   3   8   9  24  17  26  14  16  22  13  25  11  23  28  21  24  17  26   9  16  22  10  11  30  25   1   4   6   3   1   2  28  16  16  22  22  21  24  26  10  24  26  30   8  14  25  11  11  25   9  17  13  17  23   9
   4   2   2   5   6   1  11   7  20  13  30  18  28  15  19  14  29   9  15  28  12   9  24  19  22  27  30  18  20  11   6   2   2   1   4   5  15  22  28  27  15  28  20  30  30  12  24  20  11  18  14  18  29  11   7  13  19   9   9  19
   6   3   3   1   4   5  14  19  12   9  24  29  22  27   7  11  18  13  27  22  20  13  30   7  28  15  24  29  12  14   4   3   3   5   6   1  27  28  22  15  27  22  12  24  24  20  30  12  14  29  11  29  18  14  19   9   7  13  13   7
   3   1   5   4   2   4  18  23  10   7  20  25  27  16  23  18  25   7  21  15  26  19  12  17  15  21  12   8  26  29   2   5   1   4   3   4  21  15  27  21  16  15  10  20  12  26  12  26  18  25  18   8  25  29  23   7  23  19   7  17
   5   4   6   3   5   2  25  13  30  23  10  11  21  28   9   8  14  17  22  16  30  23  10  13  21  28  26  14  24   8   5   6   4   2   5   3  22  21  21  28  28  16  30  10  26  30  10  24  25  11   8  14  14   8  13  23   9  23  17  13
   2   5   1   6   3   6  29  17  26  19  12   8  15  21  17  29   8  19  16  27  10   7  20  23  27  16  20  25  10  18   3   1   5   6   2   6  16  27  15  16  21  27  26  12  20  10  20  10  29   8  29  25   8  18  17  19  17   7  19  23
  29  24  14  26  15  21   7  10  23  18  27  16  17  24  14  26   9  21   7  11  18  30  13  27   2   4   3   6   4   3  15  14  24  21  29  26   7   2  17   4  24  11  23  27   3  18  13   4   7  16  26   6   9   3  10  18  14  30  21  27
  30  23  16  27  13  20  12   8  21  15  29  17  30  18  20  13  27  11   1   6   5   4   6   5   8   9  17  24  14  21  13  16  23  20  30  27   1   8  30   9  18   6  21  29  17   5   6  14  12  17  13  24  27  21   8  15  20   4  11   5
  25  20  18  30  16  22  17  24   9   8  21  28   9  12  29  24  19  28  23  18  25  20   7  16   1   3   5   2   2   1  16  18  20  22  25  30  23   1   9   3  12  18   9  21   5  25   7   2  17  28  24   2  19   1  24   8  29  20  28  16
  28  21  17  29  14  19  16  22  11  10  23  30   4   5   1   6   5   6  29  24  19  14  28  12   7  10  18  23  16  20  14  17  21  19  28  29  29   7   4  10   5  24  11  23  18  19  28  16  16  30   6  23   5  20  22  10   1  14   6  12
  26  19  15  28  17  24  30  18  27  22  11   7  10  11  30  23  22  25   2   5   3   1   1   2  29  17  19  26   8  15  17  15  19  24  26  28   2  29  10  17  11   5  27  11  19   3   1   8  30   7  23  26  22  15  18  22  30   1  25   2
  27  22  13  25  18  23  28  15  29  24   9  12   3   6   4   2   4   3   8  12  17  29  15  26  23  30  25  13  22  10  18  13  22  23  27  25   8  23   3  30   6  12  29   9  25  17  15  22  28  12   2  13   4  10  15  24   4  29   3  26
   8  12  29  24  21  28  23  30  13  25  16  22  13  20  18  30   7  22  17  29   8  12  19  21   5   2   1   3   3   5  21  29  12  28   8  24  17   5  13   2  20  29  13  16   1   8  19   3  23  22  30   3   7   5  30  25  18  12  22  21
  10   7  27  22  23  30  24  29  15  28  14  19  26  14  24  17  28   8   3   1   2   5   5   3  18  23   7  10  25  27  23  27   7  30  10  22   3  18  26  23  14   1  15  14   7   2   5  25  24  19  17  10  28  27  29  28  24   5   8   3
   7  11  30  23  20  25   2   4   6   3   2   4  14  19  15  28  12  24  30  23  22  16  25  11  12   8  15  21  17  19  20  30  11  25   7  23  30  12  14   8  19  23   6   2  15  22  25  17   2   4  28  21  12  19   4   3  15  16  24  11
   9   8  26  19  24  29   6   1   1   6   4   5  25  13  22  16  30  10  10   7  16  27  18  25  24  29  28  15  19   9  24  26   8  29   9  19  10  24  25  29  13   7   1   4  28  16  18  19   6   5  16  15  30   9   1   6  22  27  10  25
  11  10  25  20  22  27  13  20   7  11  22  27  19  26   8  12  17  15   9   8  14  26  17  28   6   1   6   1   5   4  22  25  10  27  11  20   9   6  19   1  26   8   7  22   6  14  17   5  13  27  12   1  17   4  20  11   8  26  15  28
  12   9  28  21  19  26  26  14  28  21   8   9  20  25  10   7  16  18   4   2   4   2   3   6  11   7  13  20  18  22  19  28   9  26  12  21   4  11  20   7  25   2  28   8  13   4   3  18  26   9   7  20  16  22  14  21  10   2  18   6
  18  30  11  10  27  16  19  26  17  29  15  21  23  30  11  10  13  16  19  14  29  24   9  15   3   6   2   4   6   2  27  11  30  16  18  10  19   3  23   6  30  14  17  15   2  29   9   6  19  21  10   4  13   2  26  29  11  24  16  15
  15  28   9   8  29  17  22  27  18  30  13  20   2   4   6   3   6   2  25  20  23  18  27  10  17  24   8   9  28  26  29   9  28  17  15   8  25  17   2  24   4  20  18  13   8  23  27  28  22  20   3   9   6  26  27  30   6  18   2  10
  13  25  10   7  30  18   4   5   5   4   6   1   8   9  28  21  24  26  26  19  21  15  29   8  30  18  22  27   7  13  30  10  25  18  13   7  26  30   8  18   9  19   5   6  22  21  29   7   4   1  21  27  24  13   5   4  28  15  26   8
  17  29  12   9  26  14   5   2   3   1   1   3  29  17  21  15  26  12  20  13  27  22  11  18  10  11  16  22  13  23  26  12  29  14  17   9  20  10  29  11  17  13   3   1  16  27  11  13   5   3  15  22  26  23   2   1  21  22  12  18
  14  26   8  12  28  15   9  12  19  14  28  15   7  10  25  20  23  27  13  25  11  10  23  22   4   5   4   5   1   6  28   8  26  15  14  12  13   4   7   5  10  25  19  28   4  11  23   1   9  15  20   5  23   6  12  14  25  10  27  22
  16  27   7  11  25  13  27  16  25  20   7  10   1   3   3   1   2   5  14  26   9   8  21  24   9  12  14  19  15  24  25   7  27  13  16  11  14   9   1  12   3  26  25   7  14   9  21  15  27  10   1  19   2  24  16  20   3   8   5  24
  24  17  21  15   9  12  20  25  16  27  18  23  24  29  12   9  15  14   5   4   1   6   4   1  25  13  23  30  11  16   9  21  17  12  24  15   5  25  24  13  29   4  16  18  23   1   4  11  20  23   9  30  15  16  25  27  12   6  14   1
  22  16  23  18  11   7  21  28  14  26  17  24   6   1   5   4   1   4  18  30   7  11  22  20  19  26  29  17  21  12  11  23  16   7  22  18  18  19   6  26   1  30  14  17  29   7  22  21  21  24   4  17   1  12  28  26   5  11   4  20
  19  14  24  17  12   8   3   6   4   2   3   6  11   7  27  22  20  30  24  17  28  21   8  14  20  25  27  16  23   7  12  24  14   8  19  17  24  20  11  25   7  17   4   3  27  28   8  23   3   6  22  16  20   7   6   2  27  21  30  14
  23  18  20  13  10  11   1   3   2   5   5   2  18  23  16  27  10  20  12   9  15  28  14  29  26  14  21  28   9  17  10  20  18  11  23  13  12  26  18  14  23   9   2   5  21  15  14   9   1   2  27  28  10  17   3   5  16  28  20  29
  20  13  22  16   7  10  10  11  22  16  25  13  12   8  26  19  21  29   6   3   6   3   2   4  14  19   9  12  29  28   7  22  13  10  20  16   6  14  12  19   8   3  22  25   9   6   2  29  10  13  19  12  21  28  11  16  26   3  29   4
  21  15  19  14   8   9  15  21   8  12  19  26   5   2   2   5   3   1  11  10  13  25  16  30  13  20  11   7  27  30   8  19  15   9  21  14  11  13   5  20   2  10   8  19  11  13  16  27  15  26   5   7   3  30  21  12   2  25   1  30
   1   6  23  16  15  24  12  24   3   1  23  11  16  11  14   8   1   6   1   3  12  15   8  14   1  16  24   3  12  11  15  23  12   1  14   8   6  24  23  14   1  15   1  16   3   6  11   8
   4   2  21  18  17  22  18  10  17   9   5   2   2   5  10  21   7  20  22   9  20   7   2   4  22   2  10   9  18   5  17  21  20   7  10   2   2  22   5   4   9   7   4  18  17  20   2  21
  12  24   3   1  23  11   6   3  24  15  14  19  15  12  16  11   6   3  16  23   1   3  14  19  16  15   3  23   6  12  23   3   1   6  16  14  24  11  14  19  15   3  12   1  24   3  19  11
   9  22   5   4  21  10  17   9  13   7   4   5  21  18   4   2  22  17   2   4   7  13  10  18   2  21   9   4  17  18  21   5   7  22   4  10  22  10   4  18   7  13   9   4  13  17   5   2
  18  10  17   9   5   2   5   4  20  13  18  21  22  17   2   5  20  13  21  10  22   9   4   5  21  22   4  10   5  17   5  17  22  20   2   4  10   2  18   5  13   9  18   9  20  13  21   5
  16  11  15  12   3   6  11  23   6   3  19   8   1   6   8  19  12  24  15  24   6   1  16  23  15   1  23  24  11   6   3  15   6  12   8  16  11   6  19  23   3   1  16  12   6  24   8  19
  22  17  10  21   7  13   7  20   4   2  22   9  18  10  13   7   4   2   9  17  18  21  20   7   9  18  20  17   7  10   7  10  18   4  13  20  17  13  22   7   2  21  22  21   4   2   9   7
  23  16   8  19  12  15  14   8  16  11   6   1  11  23  24  15  14   8  24  12  19   8   6   1  24  11   8  12  14  23  12   8  19  14  24   6  16  15   6   1  11   8  23  19  16   8   1  15
   7  20   4   2  22   9  20  13   9  22  10  18  17   9  18  10   2   5   4   5   9  17   7  13   4  17  13   5  20   9  22   4   9   2  18   7  20   9  10  13  22  17   7   2   9   5  18  10
  10  21   2   5  20   7  13   7  18  10   2   4   5   4   9  22  10  21  10  18  13  20  22   9  10   5   7  18  13   4  20   2  13  10   9  22  21   7   2   9  10  20  10   5  18  21   4  22
  14   8  16  11   6   1  19  14  12  24  11  16   6   3  11  23   8  19  23  11  24  12   1   3  23   6  14  11  19   3   6  16  24   8  11   1   8   1  11   3  24  12  14  11  12  19  16  23
  15  12  14   8   1   3   8  19   1   6  24  12  12  24  19  14  16  11   3   6  11  16  12  15   3  12  19   6   8  24   1  14  11  16  19  12  12   3  24  15   6  16  15   8   1  11  12  14
  20  13   9  22  10  18  22  17  10  21   7  13  13   7  17   9   5   4  18  21   4   5  13  20  18  13  17  21  22   7  10   9   4   5  17  13  13  18   7  20  21   5  20  22  10   4  13   9
  24  15  11  23   8  14  15  12  14   8   1   3  19  14   3   1  23  16  11  16  14  19  24  12  11  19  12  16  15  14   8  11  14  23   3  24  15  14   1  12   8  19  24  23  14  16   3   1
   6   3  24  15  14  19   1   6  23  16  15  24  14   8  15  12   3   1  12  15  16  23  19   8  12  14   6  15   1   8  14  24  16   3  15  19   3  19  15   8  16  23   6  15  23   1  24  12
   3   1  19  14  16  23  16  11  15  12   3   6   8  19  23  16  15  12   6   1   8  14  11  16   6   8  11   1  16  19  16  19   8  15  23  11   1  23   3  16  12  14   3  14  15  12   6  16
  17   9  13   7   4   5   2   5  22  17  13  20   7  20  21  18  17   9  17  22   2   4  18  21  17   7   5  22   2  20   4  13   2  17  21  18   9   5  13  21  17   4  17   7  22   9  20  18
  13   7  18  10   2   4  21  18   7  20   9  17  20  13   5   4  21  18   5   2  10  18   9  17   5  20  18   2  21  13   2  18  10  21   5   9   7   4   9  17  20  18  13  10   7  18  17   4
  19  14  12  24  11  16  23  16   8  19  12  15  24  15   6   3  19  14  19   8  23  11   3   6  19  24  16   8  23  15  11  12  23  19   6   3  14  16  12   6  19  11  19  24   8  14  15   3
  21  18   7  20   9  17  10  21   2   5  20   7   9  22  20  13  18  10  13  20   5   2  17  22  13   9  21  20  10  22   9   7   5  18  20  17  18  17  20  22   5   2  21  20   2  10   7  13
   5   4  20  13  18  21   4   2  21  18  17  22  10  21  22  17  13   7  20   7  21  10   5   2  20  10   2   7   4  21  18  20  21  13  22   5   4  21  17   2  18  10   5  13  21   7  22  17
   2   5  22  17  13  20   9  22   5   4  21  10   4   2   7  20   9  22   7  13  17  22  21  10   7   4  22  13   9   2  13  22  17   9   7  21   5  20  21  10   4  22   2  17   5  22  10  20
  11  23   6   3  19   8   3   1  19  14  16  23  23  16   1   6  24  15   8  14  15  24  23  11   8  23   1  14   3  16  19   6  15  24   1  23  23   8  16  11  14  24  11   3  19  15  23   6
   8  19   1   6  24  12  24  15  11  23   8  14   3   1  12  24  11  23  14  19   3   6  15  24  14   3  15  19  24   1  24   1   3  11  12  15  19  12   8  24  23   6   8   6  11  23  14  24
   1   1   1   7  10  13   4  12  15   9  14   6   8  11   5   1   1   1   7  10  13   4  12  15   9  14   6   8  11   5
   2   2   2  13   7  10  12  15   4   6   9  14  11   5   8   2   2   2  13   7  10  12  15   4   6   9  14  11   5   8
   3   3   3  10  13   7  15   4  12  14   6   9   5   8  11   3   3   3  10  13   7  15   4  12  14   6   9   5   8  11
   7  11  14   4   6   5   1   3   2   8  13   4   9  10   4   7  11  14   4   6   5   1   3   2   8  13   4   9  10   4
   9  12  13   6   5   4  14   5  10  15   5   7   3   2   1   9  12  13   6   5   4  14   5  10  15   5   7   3   2   1
   8  10  15   5   4   6  11  13   6   2   3   1  12   6   7   8  10  15   5   4   6  11  13   6   2   3   1  12   6   7
   4  14  11   1   2   3   7   9   8   7  15   5   7  12   6   4  14  11   1   2   3   7   9   8   7  15   5   7  12   6
   6  15  10  14   8  12   9   8   7   4   8  13   1   3   2   6  15  10  14   8  12   9   8   7   4   8  13   1   3   2
   5  13  12  11  15   9   8   7   9   1   2   3   4   9  10   5  13  12  11  15   9   8   7   9   1   2   3   4   9  10
  15   6   8   3   1   2  10  14   5  10  12  11  10   4   9  15   6   8   3   1   2  10  14   5  10  12  11  10   4   9
  14   4   7   9  11  15   6  11  13  12  11  10   2   1   3  14   4   7   9  11  15   6  11  13  12  11  10   2   1   3
  13   5   9  12  14   8   2   1   3  11  10  12   6   7  12  13   5   9  12  14   8   2   1   3  11  10  12   6   7  12
  12   9   5   2   3   1  13   6  11  13   4   8  13  15  14  12   9   5   2   3   1  13   6  11  13   4   8  13  15  14
  11   7   4   8  12  14   5  10  14   3   1   2  15  14  13  11   7   4   8  12  14   5  10  14   3   1   2  15  14  13
  10   8   6  15   9  11   3   2   1   5   7  15  14  13  15  10   8   6  15   9  11   3   2   1   5   7  15  14  13  15
   1   1   9  13  20  17   4   3  16   6   8  11   6   4   5  14   5   3  16  11   1   1  17   8  14   9  16  16   4   4  13   5   5   6   6  20  11  11   3   3
   2   2   7  15  18  12  11   6   5   3  19   4   3  11  16  10  16   6   5   4   2   2  12  19  10   7   5   5  11  11  15  16  16   3   3  18   4   4   6   6
  16  11   3  17  12   3   8  17  10  12   7  15   7   2   2   9  20   9   1   1  11  16   3   7   9   3  10   1   8   2  17  20   2  12   7  12  15   1  17   9
   6  16  19   4   8  13  13   9   1   1   4  19  12   8  14  15   2   2  18  15  16   6  13   4  15  19   1  18  13   8   4   2  14   1  12   8  19  15   9   2
  11   6  14  10   5  18   2   2  18   7  20   1   1  13  20   5  14  17  10  19   6  11  18  20   5  14  18  10   2  13  10  14  20   7   1   5   1  19   2  17
   5   4   6  12  17   6  19  12  14  17   9  13   9   1   1   7  18   7   2   2   4   5   6   9   7   6  14   2  19   1  12  18   1  17   9  17  13   2  12   7
  10  19  17   3   6   2   7  18   7  15  10  14   8   5   3  19   8  14  11   6  19  10   2  10  19  17   7  11   7   5   3   8   3  15   8   6  14   6  18  14
   9  20  20   1   9  11  14   8   3   4  15   7  18  18   7   4  11  16   8  17  20   9  11  15   4  20   3   8  14  18   1  11   7   4  18   9   7  17   8  16
  14   8  12   6   3   1   9  20   9  13  14  10  19  16   6   8  19  10   4   3   8  14   1  14   8  12   9   4   9  16   6  19   6  13  19   3  10   3  20  10
  15   7  15   7   2  16   3   5  19  10   5  16  11  10  12  20   9  13  13   9   7  15  16   5  20  15  19  13   3  10   7   9  12  10  11   2  16   9   5  13
   3   5   8  11  19  15  15   7   2   2  11   8  17  19  10  13   1   1  20  13   5   3  15  11  13   8   2  20  15  19  11   1  10   2  17  19   8  13   7   1
  18  15   2  18  15   9  20  13  13  20   6  12  10   3   4   3  12  19   6  16  15  18   9   6   3   2  13   6  20   3  18  12   4  20  10  15  12  16  13  19
  17  14   4  19  11  14  12  10   4   5   1  20  13   9  13  17   6  11  12  10  14  17  14   1  17   4   4  12  12   9  19   6  13   5  13  11  20  10  10  11
  13   9  13   9   1   5   6  16   8  14  16   5   4  14  17  18   7  15  15   7   9  13   5  16  18  13   8  15   6  14   9   7  17  14   4   1   5   7  16  15
  12  10  11   8   4  10  17  14  11  16   2  18  15   7  15  12   3   4  17  14  10  12  10   2  12  11  11  17  17   7   8   3  15  16  15   4  18  14  14   4
   4   3  10  14  16  20   1   1  20   9  18   2   2  15  18  16  10  12  14   8   3   4  20  18  16  10  20  14   1  15  14  10  18   9   2  16   2   8   1  12
  20  13   1  20  13   7  18  15  15  18   3  17  14   6  11   6  17   8   3   5  13  20   7   3   6   1  15   3  18   6  20  17  11  18  14  13  17   5  15   8
  19  12   5  16  14  19   5   4  17   8  12   6  16  17   8   2  15  18   7  18  12  19  19  12   2   5  17   7   5  17  16  15   8   8  16  14   6  18   4  18
   7  18  18   2   7   4  10  19   6  11  13   9  20  20   9  11   4   5  19  12  18   7   4  13  11  18   6  19  10  20   2   4   9  11  20   7   9  12  19   5
   8  17  16   5  10   8  16  11  12  19  17   3   5  12  19   1  13  20   9  20  17   8   8  17   1  16  12   9  16  12   5  13  19  19   5  10   3  20  11  20
