(1)
(12)
(23)
(13)
(34)
(24)
(14)
(45)
(35)
(25)
(15)
(132)
(123)
(243)
(143)
(234)
(142)
(134)
(124)
(354)
(254)
(154)
(345)
(253)
(153)
(245)
(235)
(152)
(145)
(135)
(125)
(1432)
(1243)
(1342)
(1423)
(1234)
(1324)
(2543)
(1543)
(2354)
(1542)
(1354)
(1254)
(2453)
(1453)
(1532)
(1253)
(2534)
(1534)
(2345)
(1452)
(1352)
(1523)
(2435)
(1524)
(1345)
(1245)
(1235)
(1325)
(1435)
(1425)
(15432)
(12543)
(13542)
(15423)
(12354)
(13254)
(14532)
(12453)
(15342)
(14253)
(12534)
(15324)
(13452)
(14523)
(14352)
(15243)
(13524)
(15234)
(12345)
(13245)
(12435)
(14325)
(14235)
(13425)
(12)(34)
(13)(24)
(14)(23)
(12)(45)
(23)(45)
(13)(45)
(12)(35)
(24)(35)
(14)(35)
(13)(25)
(25)(34)
(14)(25)
(15)(23)
(15)(34)
(15)(24)
(132)(45)
(123)(45)
(354)(12)
(254)(13)
(154)(23)
(345)(12)
(142)(35)
(153)(24)
(124)(35)
(253)(14)
(245)(13)
(152)(34)
(143)(25)
(235)(14)
(134)(25)
(145)(23)
(125)(34)
(243)(15)
(135)(24)
(234)(15)












































