 1 2 3 4 5
 2 1 3 4 5
 1 3 2 4 5
 3 2 1 4 5
 1 2 4 3 5
 1 4 3 2 5
 4 2 3 1 5
 1 2 3 5 4
 1 2 5 4 3
 1 5 3 4 2
 5 2 3 4 1
 3 1 2 4 5
 2 3 1 4 5
 1 4 2 3 5
 4 2 1 3 5
 1 3 4 2 5
 4 1 3 2 5
 3 2 4 1 5
 2 4 3 1 5
 1 2 5 3 4
 1 5 3 2 4
 5 2 3 1 4
 1 2 4 5 3
 1 5 2 4 3
 5 2 1 4 3
 1 4 3 5 2
 1 3 5 4 2
 5 1 3 4 2
 4 2 3 5 1
 3 2 5 4 1
 2 5 3 4 1
 4 1 2 3 5
 2 4 1 3 5
 3 1 4 2 5
 4 3 1 2 5
 2 3 4 1 5
 3 4 2 1 5
 1 5 2 3 4
 5 2 1 3 4
 1 3 5 2 4
 5 1 3 2 4
 3 2 5 1 4
 2 5 3 1 4
 1 4 2 5 3
 4 2 1 5 3
 5 1 2 4 3
 2 5 1 4 3
 1 5 4 2 3
 5 2 4 1 3
 1 3 4 5 2
 4 1 3 5 2
 3 1 5 4 2
 5 3 1 4 2
 1 4 5 3 2
 5 4 3 1 2
 3 2 4 5 1
 2 4 3 5 1
 2 3 5 4 1
 3 5 2 4 1
 4 2 5 3 1
 4 5 3 2 1
 5 1 2 3 4
 2 5 1 3 4
 3 1 5 2 4
 5 3 1 2 4
 2 3 5 1 4
 3 5 2 1 4
 4 1 2 5 3
 2 4 1 5 3
 5 1 4 2 3
 4 5 1 2 3
 2 5 4 1 3
 5 4 2 1 3
 3 1 4 5 2
 4 3 1 5 2
 4 1 5 3 2
 5 4 1 3 2
 3 4 5 1 2
 5 3 4 1 2
 2 3 4 5 1
 3 4 2 5 1
 2 4 5 3 1
 4 5 2 3 1
 4 3 5 2 1
 3 5 4 2 1
 2 1 4 3 5
 3 4 1 2 5
 4 3 2 1 5
 2 1 3 5 4
 1 3 2 5 4
 3 2 1 5 4
 2 1 5 4 3
 1 4 5 2 3
 4 2 5 1 3
 3 5 1 4 2
 1 5 4 3 2
 4 5 3 1 2
 5 3 2 4 1
 5 2 4 3 1
 5 4 3 2 1
 3 1 2 5 4
 2 3 1 5 4
 2 1 5 3 4
 3 5 1 2 4
 5 3 2 1 4
 2 1 4 5 3
 4 1 5 2 3
 5 4 1 2 3
 2 4 5 1 3
 4 5 2 1 3
 3 4 1 5 2
 5 1 4 3 2
 4 5 1 3 2
 4 3 5 1 2
 3 5 4 1 2
 4 3 2 5 1
 2 5 4 3 1
 5 4 2 3 1
 3 4 5 2 1
 5 3 4 2 1
   1   2   3   4   5   6   7   8   9  10  11  12  13  14  15  16  17  18  19  20  21  22  23  24  25  26  27  28  29  30  31  32  33  34  35  36  37  38  39  40  41  42  43  44  45  46  47  48  49  50  51  52  53  54  55  56  57  58  59  60  61  62  63  64  65  66  67  68  69  70  71  72  73  74  75  76  77  78  79  80  81  82  83  84  85  86  87  88  89  90  91  92  93  94  95  96  97  98  99 100 101 102 103 104 105 106 107 108 109 110 111 112 113 114 115 116 117 118 119 120
   2   1  13  12  86  19  17  89  92  31  28   4   3  33  32  36   7  34   6 103  43  41 106  47  46  57  58  11  51  52  10  15  14  18  88  16  87  63  62  66  22  64  21  69  68  25  24  72  70  80  29  30  98  82 100  74  26  27  95  76  97  39  38  42 105  40 104  45  44  49 110  48 108  56 116  60 118 119 120  50 111  54 113 114 115   5  37  35   8 102 101   9 109 107  59 117  61  53 112  55  91  90  20  67  65  23  94  73  93  71  81  99  83  84  85  75  96  77  78  79
   3  12   1  13  16  14  88  90  27  24  98   2   4   6  35   5  32  36  37  40  38 105  50  10  53  44   9  46 116  58  59  17  87  86  15  18  19  21  65  20  62  66  67  26  75  28  95  96  79  23  68  92  25  93  73  80  81  30  31  84  83  41 104 103  39  42  43  51 111 112 113 115  55 106  45 107 108 109  49  56  57 119  61  60 117  34  33   7 101   8 102  52  54 114  47  48 110  11 120 118  89  91  64  63  22  74  76  77  78  97  69  70  71  94  72  29  85 100  82  99
   4  13  12   1  18  87  15  91  30  95  25   3   2  37   7  34  35   5  33  42 104  39  56  59  11 111  52  53  45   9  47  88  19  16  17  86  14  67  22  64  65  20  63  81  29  98  31  85  99  74  75  27  28  78  77  23  69  92  24  94  71 105  43  40  41 103  38 116  57 120  61 117 118  50  51 114  55  54 112 106  44 109 110 107  48  36   6  32 102 101   8  58 119  60  10 115 113  46  49 108  90  89  66  21  62  80  84 100  82  83  26  79  97  76  96  68  72  73  93  70
   5  86  14  15   1  16  18  23  20  96  99  32  33   3   4   6  34   7  36   9  48  49   8  38  39  50  54 112  56  60 117  12  13  17  87  19  88  24  25  93  70  94  72  90  91  62  63  21  22  26  74  76  77  27  79  29  80  82  83  30  85  46  47 107 108 109 110 101 102  41 104  43 105  51 111  52  53 114  55  57 116  58  59 119  61   2  35  37 106  44  45 103  40  42 113  10 115 118  11 120  68  69  92  71  73  89  64  65  66  67  75  28  95  78  97  81  31  98  84 100
   6  17  16  87  14   1  19  26  93  21 100  34  35   5  33   3   2  37   7  54  10  55  44  48 108   8  40  41  57 119  61  86  15  12  13  88  18  96  77  27  28  78  97  23  69  70  71  24  73  90  89  64  65  20  22  81  29  84  85  82  31 112 113  52  53 114 115 106  45  46  47 110  49 101 102 103  39  42 105 116  56  60 117  58  59  32   4  36  51  50 111 107   9 109 104  38  43 120 118  11  74  75  76  95  79  68  92  25  94  72  91  62  63  66  67  80  83  99  30  98
   7  19  88  18  15  17   1  29  94  97  22  37  36  32   5  35   6   4   2  60  61  11  45 110  49  51 114  55   8  42  43  14  86  87  16  13  12  83  99  84 100  30  31  68  23  73  72  71  25  75  26  78  79  76  28  91  89  66  67  20  21 118 117 119 120  58  59  44 106 108  48  47  46 111  50  54 112  52  53 102 101 103  38  40 104  33  34   3  57 116  56 109 107   9 115 113  10 105  39  41  81  80  82  85  98  69  93  70  92  24  74  77  96  27  95  90  63  62  64  65
   8  89  90  91  20  21  22   1  23  26  29 101 102  38  39  40  41  42  43   5   6   7   9  44  45  10  50  51  11  56  57  62  63  64  65  66  67  14  15  16  17  18  19  24  25  68  69  93  94  27  28  74  75  96  97  30  31  80  81  99 100  32  33  34  35  36  37  46  47 107 108 109 110  52  53 112 113 115 114  58  59 117 118 120 119 103 104 105   2   3   4 106  48  49 111  54  55 116  60  61  12  13  86  87  88  92  70  71  72  73  95  76  77  79  78  98  82  83  85  84
   9  92  24  25  23  93  94  20   1  27  30  46  47  44  45  48 107  49 109   8  40  42   5   3   4  54  10  52  60  11  58  68  69  70  71  72  73  90  91  21  64  22  66  14  15  12  13  16  18  96  76  28  95  26  78  99  82  31  98  29  84 101 102  41 104  43 105  32  33  34  35  36  37 112 113  51 111  55 115 117 118  57 116  61 120 106 108 110 103  38  39   2   6   7  53  50 114  59  56 119  62  63  89  65  67  86  17  87  19  88  77  74  75  97  79  83  80  81 100  85
  10  28  27  95  96  26  97  21  24   1  31  52  53  54 113  50  51 115  55  38   8  43  48   9  47   6   3   2  61  59  11  76  77  74  75  79  78  20  63  90  89  67  22  93  71  92  25  23  72  16  17  12  13  14  19  85 100  98  30  83  29 103  39 101 102 105  42 107 108 106  45  49 109  34  35  32  33  37  36 120 119 118  60 116  56 112 111 114  41  40 104  46  44 110   4   5   7  58 117  57  64  65  62  91  66  70  68  69  73  94  87  86  15  88  18  84  99  82  81  80
  11  31  98  30  99 100  29  22  25  28   1  59  58 118  60 120  61  56  57  39  41   8  49  46   9  55  53  10   7   4   2  83  82  85  84  80  81  62  20  65  21  91  89  73  94  24  92  70  23  79  97  95  27  77  26  18  19  13  12  15  17  38 103 104  40 102 101 110 109  48 107 106  44 115 114 113  54 111  50  36  37  33  32  35  34 117 119 116  43 105  42  47 108  45  52 112  51   3   5   6  67  66  63  64  90  72  71  93  69  68  78  96  76  75  74  88  86  14  87  16
  12   3   4   2  34  37  32 101  52  59  46  13   1  87  17  18  88  86  14  64  67  62  74  95  28  81  30  98  68  92  24  35   6  36   7   5  33 104  41  42 105 103  38 111  51  53  10 115 112  56 116  58  11 119 118 106  44   9  47 107 110  65  21  66  22  20  63  75  26  79  97  96  77  80  29  84 100  82  99  23  69  93  71  94  72  16  19  15  90  91  89  27  78  76  31  85  83  25  70  73 102   8  40  43  39  50 114  55  54 113  57 120  61  60 117  45  48 108 109  49
  13   4   2   3  36  33  35 102  58  47  53   1  12  19  88  86  15  16  87  66  63  65  80  31  98  69  92  25  75  27  95   7  37   5  32  34   6  43 105 103  39  40 104  57 116  11  59 117 120 106  45   9  46 109 108  50 111  52  10 114 113  22  67  20  62  64  21  29  81  99  83  85 100  23  68  94  73  93  70  74  26  78  97  76  96  18  14  17  91  89  90  30  82  84  24  72  71  28  79  77   8 101  42  38  41  56  60 118 119  61  44  49 110 107  48  51 115  55  54 112
  14  32   5  33   6   3  37  44  54  38 118  86  15  16  87   1  12  19  88  93  24  73  26  96  77  90  20  62  81  82  83  34  35   2   4   7  36  48 108   9  46 109 110  50 111 112 113  10  55   8 101 103  39  40 105  57 116  60 117 119  59  70  71  92  25  94  72  74  75  28  95  97  79  89  91  64  65  66  22  29  80  84  85  30  31  17  13  18  68  23  69  76  27  78  63  21  67  99 100  98 106  45 107  47  49  51  52  53 114 115 102  41 104  42  43  56  61 120  58  11
  15  33  32   5   7  35   4  45  60 113  39  14  86  88  18  17  87   1  13  94  71  25  29  83  99  75  76  77  91  20  63  37  36   6  34   2   3 110  49 107 108   9  47 116  56 118 117  61  11  51 111  54 112 114  53   8 102 103  38  42 104  73  72  93  70  92  24  81  80 100  85  31  98  26  74  78  79  27  28  89  90  66  67  64  21  19  16  12  69  68  23  82  84  30  96  97  95  62  22  65  44 106 109  48  46  57 119 120  58  59  50  55 115  52  10 101  43 105  40  41
  16  34   6  35   3   5  36  50  40  48 120  17  87   1  13  14  86  88  18  27  96  79  90  21  65  23  93  70  80  84  85   2   4  32  33  37   7  10  53  54 112 114 115   8 102  41 104  38 105  44 106 107 108   9  49 116  56 119  61  58 117  28  95  76  77  78  97  89  91  62  63  67  22  68  69  92  25  94  73  81  29  30  31  82  83  12  15  19  74  26  75  64  20  66  71  24  72 100  98  99  51 111  52 113  55 101 103  39  42  43  45  46  47 109 110  57  59  11  60 118
  17   6  35  34  32   7   2  51 107  61  41  87  16  15  86  88  19  12   1  76  97  28  68  71  70  29  84 100  89  64  21  33   5  37  36   3   4 113 112 114  55  52  10  45 106 108  48 110  46 116  57 119 120  60  11 101   8  40 104 103  43  77  96  78  79  27  95  69  23  73  72  24  25  81  80  82  99  30  98  90  91  20  63  66  67  14  18  13  26  75  74  93  94  92  85  83  31  65  62  22 111  50  54 115  53  44 109  49   9  47  56 118 117  58  59 102  38  39  42 105
  18  36  37   7   4  34   5  56  42 115  49  88  19  12   1  87  16  15  86  30  85  99  91  67  22  74  78  79  23  94  72   3   2  35   6  33  32  59  11 119 120  60 117 101   8 105  43 104  39 111  50 114  55  52 112  45 106 109 110   9  48  98  31  84 100  82  83  90  89  65  21  63  62  75  26  27  28  76  77  69  68  92  24  93  71  13  17  14  80  81  29  66  64  20  97  95  96  73  25  70 116  57  58  61 118 102  40  41 103  38  51  53  10  54 113  44  47  46 107 108
  19   7  36  37  33   2   6  57 109  43  55  18  88  86  14  13   1  87  17  82  31 100  69  72  73  89  66  22  26  78  97   5  32   4   3  35  34 117 118  58  11 119  61 106  44  49 110  47 108 102   8  42 105 103  41 111  51 114 115  54  10  99  83  30  98  84  85  23  68  25  24  71  70  91  90  20  62  64  65  75  74  76  96  27  95  15  12  16  29  80  81  94  92  93  67  63  21  79  77  28  56 116  60  59 120  45   9  46 107  48 101  39  38  40 104  50 113 112  52  53
  20 103  38  39   8  40  42   9   5  54  60  62  63  90  91  21  64  22  66  23  93  94   1  14  15  27  96  76  30  99  82 101 102  41 104  43 105  44  45  48 107  49 109   3   4  32  33   6   7  10  52 112 113  50 114  11  58 117 118  56 119  68  69  70  71  72  73  12  13  17  87  19  88  28  95  74  75  79  97  31  98  80  81  85 100  89  65  67  92  24  25  86  16  18  77  26  78  83  29  84  46  47 106 108 110   2  34  35  36  37  53  51 111 115  55  59  57 116 120  61
  21  41  40 104  38   8  43  10  48   6  61  64  65  20  63  90  89  67  22  96  26  97  24  93  71   1  16  17  31  85 100 103  39 101 102 105  42  54 113  50  51 115  55   9  47 107 108  44 110   3   2  34  35   5   7  59  11 120 119 117  57  76  77  74  75  79  78  92  25  68  69  73  94  12  13  86  15  18  88  98  30  99  82  80  81  62  91  66  28  27  95  70  23  72  87  14  19  84  83  29  52  53 112 111 114  46 106  45  49 109   4  32  33  36  37  58 118  60  56 116
  22  43 105  42  39  41   8  11  49  55   7  67  66  62  20  65  21  91  89  99 100  29  25  73  94  28  79  97   1  18  19  38 103 104  40 102 101 118  60 120  61  56  57  46   9 110 109 108  45  53  10 115 114 112  51   4   2  36  37   5   6  83  82  85  84  80  81  24  92  71  93  69  68  95  27  96  76  74  75  13  12  86  14  16  87  63  64  90  31  98  30  72  70  23  78  77  26  88  15  17  59  58 117 119 116  47  48 107 106  44  52 113  54  50 111   3  33  32  34  35
  23 106  44  45   9  48  49   5   8  50  56  68  69  24  25  93  70  94  72   1  16  18  20  90  91  96  26  74  99  29  80  46  47 107 108 109 110   3   4   6  34   7  36  38  39 101 102  40  42  54 112  51 111  10 115  60 117  57 116  11 120  12  13  17  87  19  88  62  63  64  65  66  67  76  77  28  95  97  78  82  83  31  98 100  84  92  71  73  86  14  15  89  21  22  75  27  79  81  30  85  32  33   2  35  37 103  41 104  43 105 113  52  53  55 114 118  58  59  61 119
  24  46   9  47  48  44 110  38  10   3  59  92  25  93  71  23  68  72  73  21  90  67  96  27  95  14   1  12  83  31  98 107 108 106  45  49 109  40 104   8 101  43 105  54 113  52  53  50 115   5  32   2   4   6  37 117 118  11  58  61 116  64  65  89  91  22  66  76  77  74  75  79  78  86  15  17  87  19  18  99  82 100  84  29  80  70  69  94  62  20  63  28  26  97  13  16  88  30  85  81 103  39  41 102  42 112  51 111  55 114  33  34  35   7  36  60 120 119  57  56
  25  47  46   9  49 108  45  39  11  53   4  24  92  73  94  70  71  23  69  22  65  91  99  98  30  77  28  95  15   1  13 110 109  48 107 106  44 105  42  41 104   8 102 118  60  59  58 120  56 112 113  10  52  55 111   5  33   2   3   7  35  67  66  21  64  89  90  83  82  85  84  80  81  96  76  97  78  26  74  86  14  19  88  17  16  72  93  68  63  62  20  31 100  29  27  79  75  12  18  87  38 103  43  40 101 117  61 119  57 116  54 115 114  51  50  32  36  37   6  34
  26  51  50 111  54  10  55   6  44   8  57  74  75  96  77  27  28  78  97  14   1  19  93  23  69  21  90  89 100  81  29 112 113  52  53 114 115   5  33   3   2  37   7  48 108 106  45   9 109  40  41 101 102  38  43 119  61 116  56 118  11  86  15  12  13  88  18  70  71  92  25  94  72  64  65  62  63  67  66  84  85  83  99  98  30  76  95  79  17  16  87  68  24  73  91  20  22  80  82  31  34  35  32   4  36 107  46  47 110  49 104 103  39 105  42 120  60 117  59  58
  27  52  10  53  50  54 114  40   3   9  58  28  95  26  75  96  76  79  78  90  20  66  16   1  13  93  24  92  84  98  30  51 111 112 113 115  55   8 102  38 103 105  42   6  35   2   4   5  36  48 107  46  47  44 109 120 119  59  11 116  60  89  91  62  63  67  22  17  87  86  15  18  19  70  71  68  69  73  72  85 100  81  29  83  99  74  77  97  64  21  65  12  14  88  25  23  94  31  80  82  41 104 101  39  43  34  32  33  37   7 108 106  45 110  49  61  56  57 118 117
  28  10  53  52 112  55  51  41  46  11   2  95  27  77  76  79  97  74  26  62  22  89  70  25  92 100  98  31  17  12   1 113  54 115 114  50 111  39 103 105  43 101   8 108 107  47   9  49 106 120  61  59  58 118  57  34   6   3   4  32   7  63  20  67  66  90  91  71  93  72  94  23  69  85  84  83  82  81  80  16  87  14  15  88  18  96  78  75  21  65  64  24  73  68  30  99  29  13  86  19 104  40  38  42 102  48 110 109  44  45 119 117  60 116  56  35   5  33  37  36
  29  57 116  56  60  61  11   7  45  51   8  81  80  83  99  84 100  30  31  15  17   1  94  68  23  97  75  26  22  91  89 118 117 119 120  58  59  32   5  35   6   4   2 110  49  44 106 107   9 114  55 111  50 113  10  42  43 102 101  39  41  14  86  87  16  13  12  73  72  93  70  92  24  78  79  77  96  95  27  66  67  63  62  65  64  82  85  98  19  88  18  69  71  25  74  76  28  90  20  21  37  36  33  34   3 109 108  48  47  46 115  54 112  53  52 105 103  38 104  40
  30  58  59  11  56 119  60  42   4  52   9  98  31  81  29  85  84  99  82  91  64  20  18  12   1  78  95  27  94  25  92 116  57 120  61 117 118 101   8 104  40  39 103  37   7   3   2  34   5 115 114  53  10 111  54  49 109  47  46  45 107  90  89  65  21  63  62  88  19  16  17  86  14  79  97  75  26  77  96  72  73  69  68  71  70  80 100  83  66  67  22  13  87  15  28  74  76  24  23  93 105  43 102  41  38  36  35   6  33  32  55  50  51 113 112 110 106  44 108  48
  31  11  58  59 117  57  61  43  47   2  10  30  98  82  83  80  29  85 100  63  89  21  72  92  24  19  13   1  97  95  28  60 118  56 116 120 119 103  38 102   8 104  41 109 110   9  46 106  48  36   7   4   3  33   6 115  55  53  52 113  51  20  62  91  90  65  64  94  73  23  68  70  93  18  88  15  14  87  16  79  78  77  76  75  74  99  81  84  22  66  67  25  69  71  12  86  17  27  96  26  42 105  39 101  40  49  45  44 108 107  37   5  32  35  34 114 112  54 111  50
  32  14  15  86  17  88  12  68  76  83  62  33   5  35  34   7  37   2   3 107 110  46  51 113 112 116  60 118 101 103  38  87  16  19  18   1  13  71  70  94  73  92  24  75  74  77  96  97  28  29  81  82  99  84  98  89  90  20  63  64  67 108  48 109  49   9  47 111  50  55 115  10  53  57  56 119 120  58  11   8 102  40 104  42  43   6  36   4  44  45 106  54 114  52 117  61  59  39  41 105  69  23  93  72  25  26  78  79  27  95  80 100  85  30  31  91  21  65  66  22
  33  15  86  14  19  13  87  69  82  63  77   5  32  36  37   2   4   6  35 109  47 108  57 117 118 102 103  39 111  54 113  18  88   1  12  17  16  72  73  92  25  93  71  80  81  99  83  31 100  89  91  20  62  66  65  26  75  76  96  78  95  49 110   9  46 107  48  56 116  11  59  61 120   8 101  42 105  40  41  51  50 114 115  52  10   7   3  34  45 106  44  60  58 119  38  43 104 112  55  53  23  68  94  24  70  29  30  98  84  85  90  22  67  64  21  74  97  79  27  28
  34  16  87  17  12  18  86  74  64  85  70  35   6   4   2  37  36  32   5  52 115 112 101 104  41  56 119 120 106 107  48  13   1  88  19  14  15  95  28  78  79  76  96  91  89  65  21  67  62  81  80  84 100  30  99  68  23  93  71  92  72  53  10 114  55  54 113 102   8 105  43  38  39 116  57  58  11  60 118  44  45   9  47 109 110   3   7  33  50 111  51  40  42 103  61  59 117 108  46  49  75  26  27  97  77  90  66  22  20  63  29  98  31  82  83  69  24  25  94  73
  35  87  17  16  88  15  13  75  84  71  65   6  34   7  36  32  33   3   4 114 113  53 116  61 120  45 107 108 102  40 104  19  18  14  86  12   1  97  79  76  77  27  95  29  80 100  85  83  98  68  69  93  70  94  25  90  91  64  21  66  63  55 115  54 112  52  10  57  56 118 117  59  11  44 106 109  49   9  46 101   8  42  43 103  38  37   5   2 111  51  50 119  60  58  48 110  47  41 105  39  26  74  78  96  28  81  82  99  30  31  23  73  72  92  24  89  67  22  20  62
  36  18  19  88  13  86  16  80  66  72  79   7  37   2   3  33   5  35  34  58 117 120 102  43 105 106 109  49  50 114 115   1  12  15  14  87  17  31  98  82  99  84  85  89  90  22  67  63  65  69  23  94  73  92  70  75  74  78  97  27  96  11  59  60 118 119  61   8 101  39  38 104  41  45  44   9  46 107 108 111  51  52  10  54 113   4  32   6  56  57 116  42 103  40 110  47  48  55  53 112  29  81  30  83 100  91  20  62  64  21  68  25  24  93  71  26  95  28  76  77
  37  88  18  19  87  12  14  81  78  67  73  36   7  34   6   4   3  33  32 119  59 118 111 115  55 101  42 105  44 109 110  16  17  13   1  15  86  85 100  30  98  82  83  74  26  79  97  95  77  91  90  66  22  64  62  69  68  94  72  93  24 120  61  58  11  60 117  50  51  53  10 113 112 102   8  40  41 103  39  45 106 107  48   9  47  35   2   5 116  56  57 114  52  54  43 104  38  49 108  46  80  29  84  31  99  75  27  28  76  96  89  65  21  20  63  23  71  70  92  25
  38  62  20  63  21  90  67  24  96  14  83 103  39  40 104   8 101  43 105  48  44 110  10  54 113   3   5  32  59 117 118  64  65  89  91  22  66  93  71  23  68  72  73  27  95  76  77  26  97   1  12  86  15  16  88  31  98  99  82  85  81 107 108 106  45  49 109  52  53  51 111  55 114   2   4  34  35  36   7  11  58 120 119  56  57  41 102  42  46   9  47 112  50 115  33   6  37  60  61 116  92  25  70  69  94  28  74  75  79  78  13  17  87  18  19  30 100  84  80  29
  39  63  62  20  22  65  91  25  99  77  15  38 103 105  42  41 104   8 102  49 108  45  11 118  60  53 112 113   4   5  33  67  66  21  64  89  90  73  94  70  71  23  69  98  30  83  82 100  29  28  95  96  76  79  75   1  13  86  14  18  87 110 109  48 107 106  44  59  58  61 119  57 116  10  52 115 114  50  51   2   3  36  37  34   6  43  40 101  47  46   9 117 120  56  54  55 111  32   7  35  24  92  72  93  68  31  85  84  80  81  27  97  78  74  26  12  19  88  16  17
  40  64  21  65  90  20  66  27  16  93  84  41 104   8 102  38 103 105  42  50  54 114   3   6  35   9  48 107  58 120 119  89  91  62  63  67  22  26  75  96  76  79  78   1  13  17  87  14  88  24  92  70  71  23  94  98  30  85 100  80  82  51 111 112 113 115  55   2   4  32  33  37   7  46  47 106  45  49 110  59  11  56  57 117 118 101  39  43  52  10  53  34   5  36 108  44 109  61 116  60  28  95  74  77  97  12  86  15  18  19  25  68  69  72  73  31  81  29  99  83
  41  21  65  64  62  22  89  28  70 100  17 104  40  39 103 105  43 101   8 112  55  51  46 108 107  11 120  61   2  34   6  63  20  67  66  90  91  77  76  79  97  74  26  25  92  71  93  73  68  98  31  85  84  99  29  12   1  16  87  86  19 113  54 115 114  50 111  47   9 110 109  44  45  59  58 117  60  56 116   3   4   5  33  36  37  38  42 102  10  53  52  48  49 106 119 118  57  35  32   7  95  27  96  78  75  24  72  94  23  69  30  83  82  80  81  13  14  15  18  88
  42  66  67  22  91  64  20  30  18  78  94 105  43 101   8 104  40  39 103  56 119  60   4  37   7  52 115 114   9  49 109  90  89  65  21  63  62  81  29  85  84  99  82  12   1  88  19  87  15  95  27  79  97  74  76  25  92  72  73  23  93 116  57 120  61 117 118   3   2  35   6  33  32  53  10  50  51 112 113  47  46 106  44  48 108 102  41  38  58  59  11  36  34   5  55 111  54 110  45 107  98  31  80 100  83  13  16  17  86  14  28  75  26  96  77  24  69  68  70  71
  43  22  66  67  63  89  21  31  72  19  97  42 105 103  38 102   8 104  41 117  57  61  47 109 110   2  36   7  10 115  55  20  62  91  90  65  64  82  83  80  29  85 100  92  24  94  73  69  71  13   1  18  88  86  17  95  28  79  78  96  26  60 118  56 116 120 119   9  46  45  44 108 107   4   3   5  32  34  35  53  52 112  54  50 111  39 101  40  11  58  59  49 106  48  37  33   6 114 113  51  30  98  99  81  84  25  23  68  70  93  12  15  14  16  87  27  77  76  74  75
  44  68  23  69  93  24  73  14  26  90  81 106  45  48 108   9  46 109 110   6   3  37  54  50 111  38   8 101 118  57 116  70  71  92  25  94  72  16  87   1  12  19  88  96  77  74  75  27  78  20  62  89  91  21  67  82  83  29  80 100  98  34  35   2   4   7  36 112 113  52  53 114 115 103  39  41 104  43  42  60 117  61 120  11  58 107  47  49  32   5  33  51  10  55 102  40 105  56 119  59  86  15  17  13  18  76  28  95  97  79  63  64  65  22  66  99  84  85  31  30
  45  69  68  23  94  71  25  15  29  75  91  44 106 110  49 107 108   9  47   7  35   4  60 116  56 113  51 111  39   8 102  73  72  93  70  92  24  88  18  17  87   1  13  83  99  81  80  84  30  76  77  26  74  97  95  20  63  89  90  22  65  37  36   6  34   2   3 118 117 119 120  58  59  54 112  55 115  10  52 103  38  43 105  41  40 109  48  46  33  32   5  57  61  11  50 114  53 101  42 104  14  86  19  16  12  82 100  85  31  98  96  78  79  28  27  62  66  67  21  64
  46  24  25  92  70  73  68  62  28  98  12  47   9 108 107  49 110 106  44  41 105 101 112  53  52 118  11  59  32   2   3  71  93  72  94  23  69  65  64  22  67  89  90  77  76  95  27  79  74  99  83  31  30 100  81  86  14   1  13  17  88 104  40  43  42   8 102 113  54 115 114  50 111 117  60  61 119  57  56   5  33   6  35   7  36  48 109  45  38  39 103  10  55  51  58 120 116   4  34  37  63  20  21  66  91  96  97  78  26  75  82  85  84  29  80  15  16  87  19  18
  47  25  92  24  72  69  71  63  31  13  95   9  46 109 110 106  45  48 108  43 102 104 117  58  59  33   2   4 113  10  53  94  73  23  68  70  93  66  67  89  91  21  65  82  83  30  98  80  85  86  15   1  12  19  87  96  77  28  27  97  75  42 105   8 101  41  40  60 118  56 116 120 119   5  32   7  37   6  34 112  54  55 114  51  50  49  44 107  39 103  38  11  57  61   3  36  35  52 115 111  20  62  22  90  64  99  29  81 100  84  14  18  88  17  16  76  79  78  26  74
  48  70  93  71  24  23  72  96  21  16  85 107 108   9  47  44 106 110  49  10  50 115  38  40 104   5   6  34 117  61 120  92  25  68  69  73  94  27  95  26  74  97  79  20  63  64  65  90  67  14  86  17  87   1  18  83  99 100  84  31  80  52  53  51 111  55 114 103  39 101 102 105  42  32  33   2   4   7  37 118  60  11  58  57 116  46  45 109 112  54 113  41   8  43  35   3  36 119  59  56  76  77  28  75  78  62  89  91  22  66  15  12  13  19  88  82  98  30  29  81
  49  72  73  94  25  70  23  99  22  79  18 110 109  46   9 108  48  45 106  11 120  56  39 105  42 112  55 115   5   7  36  24  92  71  93  69  68  98  30 100  85  29  80  62  20  67  66  65  91  77  96  97  78  28  74  15  86  19  88   1  16  59  58  61 119  57 116  38 103 104  40 102 101 113  54  10  52  51 111  33  32   2   3   6  35  47 107  44 117 118  60  43  41   8 114  53  50  37   4  34  83  82  31  84  81  63  21  64  89  90  76  95  27  26  75  14  13  12  17  87
  50  74  26  75  27  96  79  16  90  23  80  51 111  10  53  54 112 114 115   3   5  36  40   8 102  48  44 106 120 116  56  28  95  76  77  78  97   1  13  14  86  88  18  21  65  89  91  20  66  93  70  68  69  24  72  84  85  81  29  98  99   2   4  32  33  37   7  41 104 103  39  42  43 107 108  46  47 110 109 119  61  59  11 118  60  52 113  55  34   6  35 101  38 105  45   9  49  57  58 117  17  87  12  15  19  64  62  63  67  22  71  92  25  73  94 100  30  31  83  82
  51  26  75  74  76  97  28  17  68  29  89 111  50 113 112 114  55  52  10  32   7   2 107  45 106  61 116  57  41 101   8  77  96  78  79  27  95  15  86  88  19  12   1  71  70  69  23  94  92  84 100  81  80  83  31  64  21  90  91  62  22  33   5  37  36   3   4 108  48 109  49   9  47 119 120 118 117  59  58  40 104  38  39 105  42  54 115  53   6  35  34  44 110  46  56  60  11 102 103  43  87  16  14  18  13  93  73  72  24  25  85  82  99  98  30  65  20  63  67  66
  52  27  95  28  74  78  76  64  12  30  92  53  10 111  51 115 114 112  54 101  42 103  34   4   2 119  59  58 107  46   9  75  26  79  97  96  77  91  89  67  66  62  20  87  17  13   1  18  86  85  84  98  31  81  82  70  93  24  25  68  94 102   8 105  43  38  39  35   6  36   7   5  33 120  61 116  57 118 117  48 108  44  45 110  49  50  55 113  40 104  41   3  37  32  11  56  60  47 106 109  65  21  90  22  63  16  88  19  14  15 100  80  29  83  99  71  23  69  73  72
  53  95  28  27  79  77  75  65  98  25  13  10  52  55 114 112 113  50 111 105  39 102 120  11  58 108  46  47  35   3   4  97  78  96  76  74  26  22  66  62  63  90  91 100  84  31  30  99  80  70  71  24  92  73  69  16  87  12   1  88  15  43  42  38 103 101   8  61 119 117  60  56  57  48 107 110 109  44 106  34   6  37   7  32   5 115  54  51 104  41  40  59 118 116   9  49  45   2  36  33  21  64  67  20  89  85  83  82  81  29  93  72  94  68  23  17  18  19  14  86
  54  76  96  77  26  27  78  93  14  20  82 112 113  50 111  10  52  55 114  44   9 109   6   5  33  40  38 103 119 118  60  74  75  28  95  97  79  23  69  24  92  73  94  16  87  86  15   1  19  21  64  62  63  90  66 100  84  83  99  81  30 106  45  46  47 110  49  34  35   2   4   7  36  41 104 101 102 105  43  61 120 116  56  59  11  51  53 115 107  48 108  32   3  37  39   8  42 117  57  58  70  71  68  25  72  17  12  13  88  18  65  89  91  67  22  85  29  80  98  31
  55  97  79  78  77  28  26 100  73  22  19 115 114 112  54  53  10 111  51 118  11  57 108  49 109  41 105  43   6  37   7  96  76  95  27  75  74  99  82  98  31  81  29  70  93  72  94  25  69  65  21  67  66  62  89  87  17  88  18  14   1 117  60  59  58 116  56  48 107  47   9  45 106 104  40  38 103 101 102  35  34  32   5   3   4 113  52  50  61 120 119 110  46  44  42  39   8  36  33   2  85  84  83  30  80  71  24  92  68  23  64  63  20  90  91  16  15  86  12  13
  56  80  81  29  30  85  99  18  91  74  23 116  57  59  11 119 120  60 117   4  34   5  42 101   8 115 111  50  49  45 106  98  31  84 100  82  83  12   1  87  16  15  86  67  22  90  89  64  20  78  79  75  26  95  96  94  72  69  68  25  70   3   2  35   6  33  32 105  43  40  41 103  38 114  55  53  10 113  54 109 110  47  46 108 107  58  61 118  36  37   7 102 104  39  51  52 112  44   9  48  88  19  13  17  14  66  65  21  63  62  97  27  28  77  76  73  92  24  71  93
  57  29  80  81  82  31 100  19  69  89  26  56 116 117 118  58  11 119  61  33   2   6 109 106  44  43 102   8  55 111  51  99  83  30  98  84  85  86  14  13   1  87  17  72  73  23  68  92  93  66  22  91  90  63  21  78  97  75  74  77  28   5  32   4   3  35  34  49 110   9  46 107  48  42 105  39  38 104  40 114 115 113 112  53  52  60  59 120   7  36  37  45  47 108 101 103  41  50  54  10  18  88  15  12  16  94  25  24  71  70  67  20  62  65  64  79  76  96  95  27
  58  30  31  98  80  82  84  66  13  92  27  11  59  57 116 117  60 120 119 102 103  40  36   2   3 109  47   9 114  53  52  29  81  99  83  85 100  89  90  63  20  65  64  19  88   1  12  86  16  72  94  25  24  69  93  79  78  95  28  75  76   8 101  39  38 104  41   7  37   5  32  34   6  49 110  45  44 108  48 115  55 111  51 113 112  56 118  61  42  43 105   4  33  35  46 106 107  10  50  54  22  67  91  62  21  18  15  14  87  17  73  23  68  71  70  97  74  26  77  96
  59  98  30  31  85  81  83  67  95  12  24  58  11 119  61  56 116 117 118 104 101  38 115  52  10  37   4   3 110  47  46  84 100  80  29  99  82  64  21  91  90  63  62  78  97  27  28  74  96  18  88  13   1  87  14  72  73  25  92  71  68  40  41 102   8  39 103 114  55  50  51 112  54  36   7  35   6  33   5  49 109 108 107  45 106 120  57  60 105  42  43  53 111 113   2  34  32   9  48  44  66  22  65  89  20  79  75  26  77  76  19  16  17  15  86  94  70  93  69  23
  60  82  83  99  29  84  30  94  15  76  20 118 117 116  56  61 119  11  58  45 107   9   7  32   5 114 113  54  42  39 103  81  80 100  85  31  98  68  23  71  93  25  92  88  18  14  86  17   1  97  78  77  96  75  27  22  66  63  62  91  64  44 106 108  48  47  46  37  36   6  34   2   3  55 115 111  50  53  10  43 105 102 101 104  41  57 120  59 109 110  49  33  35   4 112  51  52  38   8  40  73  72  69  70  24  19  87  16  13  12  79  26  74  95  28  67  89  90  65  21
  61 100  84  85  83  29  31  97  71  17  21 119 120  60 117 116  57  59  11 113  51  10 110 107  48   7  35   6  43 104  41  82  99  81  80  98  30  76  96  75  26  95  28  94  72  93  70  68  24  88  19  87  16  15   1  67  22  65  64  63  89  54 112 111  50  53  52 109  49  44 106  46   9  37  36  33   5   4   3 105  42  39 103 102 101 118  56  58  55 114 115 108  45  47  34  32   2  40  38   8  78  79  77  74  27  73  69  23  25  92  18  14  86  13  12  66  62  20  91  90
  62  38  39 103  41 105 101  46 112 118  32  63  20  65  64  22  67  89  90  70  73  68  28  77  76  98  99  83  12  86  14 104  40  43  42   8 102 108 107  49 110 106  44  53  52 113  54  55  51  11  59 117  60 120 116   2   3   5  33  34  37  71  93  72  94  23  69  95  27  97  78  26  75  31  30  85  84  80  29   1  13  16  87  18  19  21  66  91  24  25  92  96  79  74  82 100  81  15  17  88  47   9  48 109  45  10 115 114  50 111  58  61 119  56  57   4   6  35  36   7
  63  39 103  38  43 102 104  47 117  33 113  20  62  66  67  89  91  21  65  72  69  71  31  82  83  13  86  15  95  96  77  42 105   8 101  41  40 109 110 106  45  48 108  58  59  60 118  57  61   2   4   5  32  36  35  10  53 112  54 115 111  94  73  23  68  70  93  30  98  29  81 100  84   1  12  18  88  16  17  28  27  79  78  74  26  22  90  64  25  92  24  99  80  85  14  19  87  76  97  75   9  46  49  44 107  11  56 116 120 119   3   7  37  34   6  52  55 114  50  51
  64  40 104  41 101  42 103  52  34 119 107  65  21  91  89  67  66  62  20  74  78  76  12  87  17  30  85  84  92  70  93 102   8 105  43  38  39 111  51 115 114 112  54   4   2  35   6  37  32  59  58 120  61  56  60  46   9  48 108 106 109  75  26  79  97  96  77  13   1  88  19  14  15  98  31  80  29  99  83  24  25  23  69  72  73  90  22  63  27  95  28  16  18  86 100  81  82  71  68  94  53  10  50  55 113   3  36   7   5  33  11 116  57 117 118  47  44  45  49 110
  65 104  41  40 105  39 102  53 120 108  35  21  64  22  66  62  63  90  91  79  77  75  98 100  84  25  70  71  13  16  87  43  42  38 103 101   8  55 114 112 113  50 111  11  58  61 119 118 116  46  47  48 107  49  45   3   4  34   6  36  33  97  78  96  76  74  26  31  30  83  82  81  29  24  92  72  94  23  68  12   1  18  19  86  14  67  20  89  95  28  27  85  99  80  93  73  69  17  88  15  10  52 115  54  51  59 117  60  56  57   9 110 109 106  44   2  37   7   5  32
  66  42  43 105 102 103  40  58  36 109 114  22  67  89  90  63  20  65  64  80  82  84  13  19  88  92  72  94  27  79  78   8 101  39  38 104  41  57 116 117  60 120 119   2   3   7  37  33  35  47   9  49 110 106 107  53  52 115  55  50  54  29  81  99  83  85 100   1  12  15  14  87  17  25  24  23  68  70  71  95  28  74  26  96  77  91  62  21  30  31  98  18  86  16  73  69  93  97  75  76  11  59  56 118  61   4   5  32  34   6  46  45  44  48 108  10 111  51 112 113
  67 105  42  43 104 101  38  59 115  37 110  66  22  64  21  91  90  63  62  85  81  83  95  78  97  12  18  88  24  72  73  40  41 102   8  39 103 119  61  56 116 117 118  52  10 114  55 111 113   4   3  36   7  34  32  47  46  49 109  48  44  84 100  80  29  99  82  27  28  75  26  77  76  13   1  16  17  86  15  25  92  70  93  23  69  65  89  20  98  30  31  79  74  96  19  87  14  94  71  68  58  11 120  57  60  53  50  51 112  54   2  35   6   5  33   9 108 107 106  45
  68  44  45 106 107 110  46  32  51 116 101  69  23  71  70  94  73  92  24  17  88  12  76  75  74  83  29  81  62  89  90 108  48 109  49   9  47  35  34   7  37   2   3 113 112 111  50 114  52  60 118  57  56  61  59 103  38   8 102  41 105  87  16  19  18   1  13  77  96  78  79  27  95  82  99 100  85  31  30  20  63  21  65  22  66  93  72  25  14  15  86  26  97  28  80  84  98  91  64  67  33   5   6  36   4  54  55 115  10  53 117 119 120  11  58  39  40 104  43  42
  69  45 106  44 109  47 108  33  57 102 111  23  68  72  73  92  25  93  71  19  13  87  82  80  81  63  89  91  77  26  75  49 110   9  46 107  48  36  37   2   4   6  35 117 118  56 116  58 119 103  39   8 101  43 104  54 113  51  50  55  53  18  88   1  12  17  16  99  83  30  98  84  85  20  62  22  67  21  64  76  96  97  79  28  27  94  24  70  15  86  14  29  31 100  90  66  65  74  78  95   5  32   7   3  34  60  11  59  61 120  38  42 105  41  40 112 114 115  10  52
  70  48 108 107  46  49 106 112  41 120  34  71  93  25  92  73  72  68  23  28  79  74  62  65  64  99 100  85  86  17  16  47   9 110 109  44  45  53  52  55 115  51  50  39 103 104  40 105 101 118 117  61 119  11  56  32   5   6  35   2  36  95  27  97  78  26  75  63  20  67  66  90  91  83  82  31  30  29  81  14  15   1  13  19  88  24  94  69  96  77  76  21  22  89  84  98  80  87  12  18 113  54  10 114 111  38  43  42   8 102  60  59  58  57 116  33   3   4   7  37
  71 108 107  48 110  45  47 113  61  35 104  93  70  94  72  68  69  24  25  97  75  95  83  84  85  15  17  87  63  21  65 109  49  44 106  46   9 114 115  51 111  10  53  60 117 119 120 116  59  32  33   6  34   7   4  38  39  41  40  43 102  78  79  26  74  28  27  82  99  81  80  98  30  14  86  19  18   1  12  62  20  22  66  89  90  73  23  92  77  76  96 100  29  31  16  88  13  64  67  91  54 112  55  50  52 118  57  56  11  58   5  37  36   2   3 103 105  42   8 101
  72  49 109 110  47 106  48 117  43  36 115  94  73  92  24  69  23  71  70  31  80  85  63  66  67  86  19  18  96  97  79   9  46  45  44 108 107  58  59  57  56  61 120 103  38  42 105 102 104  33   5   7  37   2  34 113 112  55 114  10  50  30  98  29  81 100  84  20  62  91  90  65  64  15  14   1  12  17  87  77  76  28  27  26  75  25  68  93  99  82  83  22  89  21  88  13  16  78  95  74  60 118  11 116 119  39   8 101  41  40  32   4   3   6  35  54  53  52  51 111
  73 110  49 109 108  46  44 118  55 105  37  72  94  70  93  25  24  69  68 100  98  81  77  79  78  62  22  67  14  19  88  48 107  47   9  45 106 120 119  11  59  57 116 112  54 115 114  53 111  39  38  43  42  41 101  33  32   7  36   6   3  85  84  31  30  29  80  96  76  95  27  75  74  63  20  21  64  89  91  15  86  17  16   1  13  71  92  23  83  99  82  97  28  26  66  65  90  18  87  12 117  60  61  58  56 113  10  52  51  50 103 104  40   8 102   5  35  34   2   4
  74  50 111  51  52 115 112  34 101  56 106  75  26  95  28  78  79  76  96  12  18  86  64  91  89  85  81  80  70  68  23  53  10 114  55  54 113   4   2  37  36  32   5 104  41 102   8  42 103 119 120 116  57  59 117 107  48  44  45  46  49  13   1  88  19  14  15  65  21  66  22  20  63  84 100  98  31  83  82  93  71  24  25  73  94  27  97  77  16  87  17  90  67  62  29  30  99  69  92  72  35   6   3   7  33  40 105  43  38  39  61  58  11 118  60 108   9  47 110 109
  75 111  51  50 114 113  53  35 116  45 102  26  74  97  79  76  77  27  95  88  15  13  84  29  80  71  68  69  65  90  91  55 115  54 112  52  10   7  36  32  33   3   4  61 120  57  56  60  58 107 108  44 106 110  47  40 104 101   8 105  39  19  18  14  86  12   1 100  85  82  99  30  31  93  70  73  72  24  92  64  21  67  22  62  20  78  96  28  87  17  16  81  83  98  23  94  25  89  66  63   6  34  37   5   2 119 118 117  59  11  48 109  49  46   9  41  42  43  38 103
  76  54 113 112  51 114  52 107  32  60 103  77  96  75  74  97  78  28  27  68  94  92  17  15  86  84  83  82  64  62  20 111  50  55 115  10  53  45 106 110 109  46   9  35  34  33   5   7   2  61 119 118 117 116  58  41  40  38  39 101  42  69  23  73  72  24  25  87  16  19  18   1  13 100  85  81  80  98  31  21  65  90  91  67  22  26  79  95  93  71  70  14  88  12  99  29  30  63  89  66 108  48  44  49  47   6  37  36   3   4 120  57  56  59  11 104   8 102 105  43
  77 113 112  54  55  53 111 108 118  39  33  96  76  79  78  28  95  26  75  73  25  69 100  99  82  65  62  63  87  14  15 115 114  10  52  51  50  49 109  46  47  44  45 120 119 117  60  11  57  41 104  38 103 105 102   6  35  32   5  37   4  72  94  24  92  68  23  85  84  31  30  29  80  21  64  67  66  90  89  17  16  88  18  12   1  97  27  74  71  70  93  83  98  81  20  22  91  86  19  13  48 107 110   9 106  61  59  58 116  56  40  43  42 101   8  34   7  36   3   2
  78 114 115  55 111  52  54 119  37  42 109  79  97  74  26  95  27  77  76  81  30  82  87  18  19  64  67  66  93  73  94  50  51  53  10 113 112  56  57  59  58 118  60  34   6  36   7   4  33 104  40 105  43 101 103 108 107 110  49  44   9  80  29  98  31  83  99  16  17  13   1  15  86  65  21  90  89  62  63  71  70  68  23  24  25  75  28  96  84  85 100  88  12  14  22  91  20  72  69  92 120  61 116  11 117  35   3   2  32   5  41 102   8  38  39  48  45 106  46  47
  79 115  55 114  53 112  50 120 105  49  36  97  78  28  27  77  96  75  74  98  99  80  65  22  66  70  73  72  16  88  18  10  52 113  54 111  51  11  58 118 117 116  56  41  40  43  42  39 102 108  48 110 109  46 106  35  34  37   7   3   5  31  30  83  82  81  29  21  64  63  20  91  89  71  93  24  92  68  69  87  17  12   1  14  15  95  76  26  85 100  84  67  62  90  94  25  23  19  13  86  61 119  59  60  57 104  38 103 101   8 107  47   9  44  45   6   4   2  32  33
  80  56  57 116  58 117 120  36 102 106  50  29  81  31  98  82  99  84  85  13  86  16  66  89  90  72  69  23  79  75  74  11  59  60 118 119  61   2   3  33   5  35  34  43 105   8 101 103  40 109  49  45  44  47  48 114 115 111  51  53 112   1  12  15  14  87  17  22  67  20  62  64  21  94  73  25  24  71  93  78  97  95  28  77  76  30  83 100  18  19  88  91  63  65  68  92  70  26  27  96   7  37   4  32   6  42  39  38 104  41 110   9  46 108 107  55  52  10 113  54
  81 116  56  57 119  59 118  37 111 101  44  80  29  85 100  30  98  82  83  87  12  14  78  74  26  67  91  90  73  69  68 120  61  58  11  60 117  34   6   4   3  33  32 115  55  50  51  52  54  42 105 102   8 104  38 109 110  45 106 108  46  16  17  13   1  15  86  79  97  27  28  76  96  66  22  65  21  63  20  94  72  71  70  25  92  84  31  99  88  18  19  75  95  77  89  64  62  23  93  24  36   7  35   2   5 114  53  10 113 112  43  40  41  39 103  49 107  48  47   9
  82  60 117 118  57  58 119 109  33 103  54  99  83  80  81  31  30 100  84  69  92  93  19  86  14  66  63  20  78  77  76  56 116  11  59  61 120 106  44  47   9 108 107  36  37   5  32   2   6  43  42  39  38 102  40  55 114 113 112 111  52  23  68  25  24  71  70  18  88   1  12  17  16  22  67  91  90  65  21  97  79  75  74  95  28  29  98  85  94  72  73  15  13  87  62  89  64  96  26  27  49 110  45  46  48   7   4   3  35  34 105   8 101 104  41 115  51  50  53  10
  83 118  60 117  61 116  59 110 113  32  38  82  99  84  85  29  81  31  98  71  68  24  97  76  96  88  15  14  67  63  62 119 120  57  56  11  58 107  48  45  44  47  46 114 115  54 112  51  10   7  37  33   5  35   3  43 105  39 103 104 101  93  70  69  23  25  92  78  79  26  74  28  27  19  18  87  16  13   1  22  66  65  64  91  89 100  80  30  73  94  72  77  75  95  86  17  12  20  21  90 109  49 108 106   9  55 111  50  53  52  36   6  34   4   2  42  41  40 102   8
  84 119  61 120 116  60  58 114  35 107  40 100  85  29  80  83  82  98  30  75  76  27  88  17  16  94  71  93  66  65  64  57  56 118 117  59  11  51  50 113  54  53  52   7  36   6  34  32   3 110 109 108  48  45   9 105  42 104  41 102 103  26  74  77  96  95  28  19  18  14  86  12   1  73  72  69  23  25  24  67  22  91  89  63  62  81  99  31  78  97  79  87  15  13  70  68  92  21  90  20  55 115 111 112  10  37  33   5   4   2  49  44 106  47  46  43 101   8  39  38
  85 120 119  61  59  56 117 115 104  34  48  84 100  30  31  81  80  83  99  95  74  96  67  64  21  18  87  16  72  71  70  58  11 116  57 118  60  52  10 111  50 113 112  42  43  40  41 101  38  37  36  35   6   4   5 110  49 108 107  47 106  27  28  75  26  77  76  66  22  90  89  62  20  88  19  13   1  15  14  73  94  25  92  69  68  98  29  82  79  78  97  65  91  63  17  12  86  93  24  23 114  55  53  51  54 105 102   8  39 103   7   3   2  33  32 109  46   9  45  44
  86   5  33  32   2  36  34 106 103 117 112  15  14  13  12  19  18  17  16  92  72  70  89  63  62  80  82  99  74  76  96   4   3   7  37   6  35  47  46 109  49 107  48 102 101  39  38  43  41  57  56  60 118  58 120  51  50  54 113  52 115  25  24  94  73  93  71  91  90  22  67  21  65  29  81  30  98  84 100  26  75  27  95  78  97   1  88  87  23  69  68  20  66  64  83  31  85  77  28  79  45  44   9 110 108   8  42 105  40 104 116  11  59 119  61 111  10  53 114  55
  87  35  34   6  37   4  33 111 119 104 108  16  17  18  19  12  13  14  15  78  95  77  81  85 100  91  64  65  69  93  71  36   7   3   2  32   5 115  55  52  53  54 113  56  57 120  61  59 118 101 102  40  41  42  39  44  45 107  48 109  47  79  97  27  28  76  96  80  29  98  31  83  99  90  89  66  22  20  62  68  23  94  72  92  24  88   1  86  75  74  26  84  30  82  21  67  63  70  73  25  50  51 114  10 112 116  58  11  60 117   8 105  43 103  38 106 110  49   9  46
  88  37   7  36  35  32   3 116 114 110 105  19  18  17  16  15  14  13  12  84  83  98  75  97  79  68  94  73  90  66  67   6  34  33   5   4   2  61 120  60 118  58  59  51  50  55 115 113  53  45  44 109  49 107  46 102 101  42  43  40  38 100  85  82  99  30  31  26  74  77  96  95  28  69  23  93  70  92  25  91  89  64  21  20  63  87  86   1  81  29  80  78  76  27  72  71  24  22  65  62  57  56 119 117  11 111  54 112  52  10 106 108  48   9  47   8 104  41 103  39
  89   8 102 101 103  43  41   2 106  57  51  91  90  63  62  66  22  64  21  86  19  17  92  69  68  31  80  29  28  74  26  39  38  42 105  40 104  33  32  36   7  34   6  47  46  45  44 109 107  58  11  56 116 117  61  52  10  50 111 112  55  15  14  18  88  16  87  25  24  94  73  93  71  30  98  99  83  85  84  27  95  96  77  79  78  20  67  65   1  13  12  23  72  70  81  82 100  75  76  97   4   3   5  37  35   9  49 110  48 108  59  60 118 120 119  53  54 113 115 114
  90 101   8 102  40  38 105   3  50  44 116  89  91  21  65  20  62  66  67  16  14  88  27  26  75  24  23  68  98  80  81  41 104 103  39  42  43   6  35   5  32  36  37  10  53  51 111  54 114   9  46 106  45  48 110  58  59  56  57 120 118  17  87  86  15  18  19  28  95  76  77  78  97  92  25  70  71  72  94  30  31  85 100  99  82  64  63  22  12   1  13  74  96  79  69  93  73  29  84  83   2   4  34  33   7  52 112 113 115  55  47 107 108  49 109  11 119  61 117  60
  91 102 101   8  42 104  39   4  56 111  45  90  89  67  22  64  65  20  63  18  87  15  30  81  29  95  74  75  25  23  69 105  43  40  41 103  38  37   7  34  35   5  33  59  11 116  57 119  60  52  53  50  51 115 113   9  47 106  44  49 108  88  19  16  17  86  14  98  31  84 100  82  83  27  28  79  97  96  76  92  24  72  73  70  93  66  21  62  13  12   1  80  85  99  26  78  77  68  94  71   3   2  36   6  32  58 120  61 117 118  10 114  55 112  54  46 109 110  48 107
  92   9  47  46 106 109 107 103   2  58  52  25  24  69  68  72  94  70  93  89  66  64  86  13  12  82  31  30  76  28  27  45  44  49 110  48 108 102 101  43  42  41  40  33  32   4   3  36  34 117  60  11  59  57 119 112  54  10  53  51 114  91  90  22  67  21  65  15  14  18  88  16  87  99  83  29  81 100  85  96  77  26  75  97  79  23  73  71  20  63  62   1  19  17  98  80  84  95  74  78  39  38   8 105 104   5   7  37   6  35 118  56 116  61 120 113  50 111  55 115
  93 107  48 108  44   9 109  54   6  40 119  70  71  23  69  24  92  73  94  26  27  78  14  16  87  20  21  64  82 100  84 106  45  46  47 110  49  50 111  10  52  55 114   5  33  34  35   3  37  38 103  41 104   8  42 118  60  61 120  57  58  74  75  28  95  97  79  86  15  12  13  88  18  62  63  89  91  22  67  83  99  29  80  31  98  68  25  72  76  96  77  17   1  19  65  90  66  85  81  30 112 113  51  53 115  32   2   4   7  36  39 101 102  43 105 117 116  56  11  59
  94 109 110  49  45 107   9  60   7 114  42  73  72  68  23  71  93  25  92  29  84  30  15  88  18  76  97  78  20  22  66  44 106 108  48  47  46 116  56  61 119  11  58  32   5  37  36  35   4 113  54  55 115  51  52  39 103  43 105   8  40  81  80 100  85  31  98  14  86  87  16  13  12  77  96  26  74  28  95  63  62  89  90  21  65  69  70  24  82  83  99  19  17   1  79  75  27  67  91  64 118 117  57 120  59  33   6  34   2   3 112 111  50  10  53  38 102 101  41 104
  95  53  52  10 115 111 113 104  59   4  47  27  28  78  97  74  75  96  77  67  91  63  85  30  31  87  12  13  71  24  25 114  55  50  51 112  54  42  43 101 102  38  39 119  61  58  11  56 117  34  35   3   2  37  33  48 108  46   9 110  45  66  22  90  89  62  20  84 100  80  29  99  82  16  17  88  19  14  86  70  93  73  94  68  23  79  26  76  65  64  21  98  81  83   1  18  15  92  72  69  40  41 105   8 103 120 116  57 118  60   6  36   7  32   5 107  49 109  44 106
  96 112  54 113  10  50 115  48  38   5 117  76  77  27  95  26  74  97  79  24  23  72  21  20  63  16  14  86  85  83  99  52  53  51 111  55 114   9  47  44 106 110  49  40 104 103  39   8  43   6  34  32  33   3  36  61 120 118  60  59  56  92  25  68  69  73  94  64  65  89  91  22  66  17  87  12  13  88  19 100  84  98  30  81  29  28  75  78  70  93  71  62  90  67  15   1  18  82  31  80 107 108  46  45 109  41 101 102 105  42  35   2   4  37   7 119  11  58 116  57
  97  55 114 115 113  51  10  61 110   7  43  78  79  76  96  75  26  95  28  83  29  31  71  94  72  17  88  19  21  67  22  54 112 111  50  53  52  60 117 116  57  59  11 107  48 109  49  45  47  35   6  37  36  32   2 104  41 105  42  38   8  82  99  81  80  98  30  93  70  69  23  25  92  87  16  14  86  12  13  65  64  62  20  90  91  77  74  27 100  84  85  73  68  24  18  15   1  66  63  89 119 120 118  56  58 108  44 106  46   9  34  33   5   3   4  40  39 103 101 102
  98  59  11  58 120 118 116 105  53  46   3  31  30 100  84  99  83  80  81  65  62  90  79  28  27  73  25  24  88  13  12  61 119 117  60  56  57  41  40  39  38 102 101  55 114  10  52 112  50  49 110  47   9 108  44  36  37   4   2  35  32  21  64  63  20  91  89  97  78  96  76  74  26  72  94  71  93  69  23  18  19  87  17  15  86  85  82  29  67  22  66  95  77  75  92  70  68   1  16  14  43  42 104 103   8 115 113  54 111  51 109  48 107  45 106   7  34   6  33   5
  99 117 118  60  11 120  56  49  39 112   5  83  82  98  30 100  85  29  80  25  70  23  22  62  20  79  77  96  18  15  86  59  58  61 119  57 116  46   9 108  48  45 106 105  42  38 103  41   8  55 115 113  54  53  50   7  36  33  32   4  34  24  92  71  93  69  68  67  66  21  64  89  90  97  78  95  27  75  26  19  88  13  12  87  17  31  84  81  72  73  94  63  65  91  76  28  74  14   1  16 110 109  47 107  44  43 104  40 102 101 114  10  52 111  51  37   2   3  35   6
 100  61 120 119 118  11  57  55 108  41   6  85  84  99  82  98  31  81  29  77  28  26  73  70  93  22  65  21  19  87  17 117  60  59  58 116  56 112  54  53  10 111  51  49 109  48 107  46  44 105  43 104  40  39   8  37   7  35  34  33   2  96  76  95  27  75  74  72  94  24  92  68  23  67  66  63  20  91  90  88  18  15  86  13  12  83  30  80  97  79  78  71  25  69  64  62  89  16  14   1 115 114 113  52  50 110  47   9  45 106  42  38 103 102 101  36  32   5   4   3
 101  90  91  89  64  67  62  12  74  81  68 102   8 104  41  42 105 103  38  34  37  32  52 111  51  59  56 116  46 106  44  65  21  66  22  20  63  87  17  18  88  86  14  95  28  75  26  78  76  30  98  80  29  85  83  92  24  23  69  70  73  35   6  36   7   5  33  53  10 114  55  54 113  58  11 120  61 117  60   9  47  48 108  49 109  40  43  39   3   4   2  50 115 112  57 119 118  45 107 110  13   1  16  19  15  27  79  97  96  77  31  84 100  99  82  25  93  71  72  94
 102  91  89  90  66  63  65  13  80  69  75   8 101  43 105 103  39  40 104  36  33  35  58  57 116  47 106  45  53  50 111  22  67  20  62  64  21  19  88  86  15  16  87  31  98  29  81  82  84  92  25  23  68  72  71  27  95  74  26  79  77   7  37   5  32  34   6  11  59  60 118 119  61   9  46  49 110  48 107  52  10 115  55 112  54  42  38  41   4   2   3  56 117 120  44 109 108  51 114 113   1  12  18  14  17  30  99  83  85 100  24  94  73  70  93  28  78  97  96  76
 103  20  63  62  89  66  64  92  86  82  76  39  38 102 101  43  42  41  40 106 109 107   2  33  32  58 117  60  52 112  54  91  90  22  67  21  65  69  68  72  94  70  93  13  12  15  14  19  17  31  30  99  83  80  84  28  27  96  77  74  78  45  44  49 110  48 108   4   3   7  37   6  35  11  59  56 116 120  61  10  53  50 111 115  55   8 105 104   9  47  46   5  36  34 118  57 119 113  51 114  25  24  23  73  71   1  18  88  16  87  98  29  81  85 100  95  26  75  79  97
 104  65  64  21  67  91  63  95  85  87  71  40  41  42  43 101 102  38  39 115 111 113  59 119  61   4  34  35  47  48 108  66  22  90  89  62  20  78  97  74  75  96  77  30  31  84 100  81  83  12  13  16  17  18  15  24  25  70  93  72  69 114  55  50  51 112  54  58  11 116  57 118  60   3   2  36   7   5  32  46   9  49 109 106  44 105   8 103  53  52  10 120  56 117   6  37  33 107 110  45  27  28  79  26  76  98  80  29  99  82   1  88  19  86  14  92  73  94  23  68
 105  67  22  66  65  62  90  98  79  73  88  43  42  41  40  39  38 102 101 120 118 116  53  55 114  46  49 110   3  36  37  21  64  63  20  91  89 100  84  99  83  80  81  28  27  97  78  77  75  25  24  72  94  70  68  13  12  18  19  16  14  61 119 117  60  56  57  10  52 113  54 111  51  47   9  48 107 106  45   4   2  34   6   5  33 104 103   8  59  11  58 115 112  50 109 108  44   7  35  32  31  30  85  82  29  95  96  76  74  26  92  71  93  23  69   1  87  17  86  15
 106  23  69  68  92  72  70  86  89  80  74  45  44  47  46 109  49 107  48   2  36  34 103 102 101 117  57  56 112  51  50  25  24  94  73  93  71  13  12  19  18  17  16  63  62  91  90  66  64  82  99  29  81  31  85  76  96  26  75  28  79   4   3   7  37   6  35  39  38  42 105  40 104  60 118  11  59  61 119  54 113  10  53  55 114   9 110 108   5  33  32   8  43  41 116  58 120 111  52 115  15  14   1  88  87  20  22  67  21  65  83  30  98 100  84  77  27  95  97  78
 107  93  71  70  68  94  92  76  17  84  64 108  48  45 106 110 109  46   9  51 114  52  32  35  34  60  61 119 103  41  40  69  23  73  72  24  25  75  74  97  78  28  27  15  86  87  16  88  12  83  82 100  85  29  30  62  20  21  65  89  66 111  50  55 115  10  53  33   5  37  36   3   4 118 117  57  56  11  59  38  39   8 102  43 105  44  49  47  54 113 112   6   7   2 120 116  58 104 101  42  77  96  26  79  95  14  19  18   1  13  99  81  80  31  98  63  90  91  22  67
 108  71  70  93  73  25  69  77 100  65  87  48 107  49 109  46  47  44  45  55  53 111 118 120 119  39  41 104  33   6  35  72  94  24  92  68  23  79  78  28  95  26  75  99  82  85  84  98  81  62  63  21  64  22  91  14  15  17  16  19  13 115 114  10  52  51  50 117  60  59  58 116  56  38 103  43  42   8 101  32   5   7  36   2   3 110   9 106 113 112  54  61  11  57  40 105 102  34  37   4  96  76  97  27  74  83  31  30  29  80  20  67  66  89  90  86  88  18   1  12
 109  94  72  73  69  92  93  82  19  66  78  49 110 106  44  47   9 108 107  57  58 119  33  36  37 103  43  42  54  55 114  23  68  25  24  71  70  80  81  31  30 100  84  86  14  18  88  13  87  63  20  22  67  89  64  77  76  97  79  26  27  56 116  11  59  61 120   5  32   4   3  35  34  39  38   8 101  41 104 113 112  51  50  10  53  45  46  48  60 117 118   7   2   6 105 102  40 115 111  52  99  83  29  98  85  15   1  12  17  16  62  91  90  21  65  96  75  74  28  95
 110  73  94  72  71  68  24  83  97  88  67 109  49 107  48  45  44  47  46  61 116  59 113 114 115  32   7  37  38  43 105  93  70  69  23  25  92  84  85  29  81  31  98  76  96  78  79  75  95  15  14  19  18  17  12  63  62  22  66  21  90 119 120  57  56  11  58  54 112 111  50  53  52  33   5   6  34   2   4  39 103  41  40   8 102 108 106   9 118  60 117  55  51  10  36  35   3  42 104 101  82  99 100  80  30  77  26  74  28  27  86  87  16   1  13  20  65  64  89  91
 111  75  74  26  78  95  77  87  81  91  69  50  51 115  55  52  53  54 113  37   4  33 119  56  57 104 101 102 108  44  45  79  97  27  28  76  96  18  19  12  13  14  15  85 100  80  29  30  82  64  65  90  89  67  63  93  71  68  23  73  25  36   7   3   2  32   5 120  61  58  11  60 117  40  41 105  43  38 103 107  48 110  49  46   9 114  10 112  35  34   6 116  59 118   8  42  39 106 109  47  16  17  88   1  86  84  98  31  83  99  21  66  22  62  20  70  94  72  24  92
 112  96  77  76  28  79  74  70  62  99  86 113  54  53  52  55 115  51  50  46  49 106  41  39 103 120 118 117  34  32   5  95  27  97  78  26  75  25  92  73  72  68  23  65  64  63  20  22  89 100  85  83  82  98  80  17  16  14  15  12  18  47   9 110 109  44  45 104  40  43  42   8 102  61 119  59  58 116  57   6  35   3   4  37   7  10 114 111  48 108 107  38 105 101  60  11  56  33   2  36  71  93  24  94  69  21  67  66  90  91  84  31  30  81  29  87   1  13  88  19
 113  77  76  96  97  75  95  71  83  15  63  54 112 114 115  51 111  10  53 110  45  47  61  60 117  35  32  33 104  38  39  78  79  26  74  28  27  94  72  68  69  24  25  84  85  82  99  29  31  17  87  14  86  88  13  21  65  62  20  67  91 109  49  44 106  46   9 119 120  57  56  11  58   6  34  37  36   3   2  41  40 105  42 101   8  55  50  52 108 107  48 118 116  59   5   7   4 103  43 102  93  70  73  23  92 100  81  80  98  30  16  19  18  12   1  64  22  66  90  89
 114  78  97  79  75  76  27  84  88  94  66  55 115  51  50 113  54  53  52 116  60  58  35   7  36 107 110 109  40 105  42  26  74  77  96  95  28  29  80  83  82  98  30  17  16  19  18  15  13  71  93  73  72  68  92  65  64  67  22  90  20  57  56 118 117  59  11   6  34  33   5   4   2 108  48  44 106  46  47 104  41 101   8  38  39 111 112  10 119  61 120  37  32   3  49  45   9  43 102 103 100  85  81  99  31  87  14  86  12   1  70  69  23  24  25  21  91  89  62  63
 115  79  78  97  95  74  96  85  67  18  72 114  55  52  10 111  50 113 112  59  56 117 104  42  43  34  37  36  48 110  49  27  28  75  26  77  76  30  31  81  80  83  99  64  21  66  22  91  63  87  16  88  19  12  86  71  70  73  94  24  23  58  11 116  57 118  60  40  41 102   8  39 103  35   6   3   2  32  33 108 107  46   9  44  45  53  51  54 120 119  61 105 101  38   7   4   5 109  47 106  84 100  98  29  82  65  90  89  62  20  17  13   1  14  15  93  25  92  68  69
 116  81  29  80  84  83  98  88  75  68  90  57  56  61 120  60 118  58  59  35  32   3 114  51  50 110  45  44 105 102 101 100  85  82  99  30  31  17  16  15  14  13  12  97  79  26  74  76  27  94  73  69  23  71  24  66  67  91  89  65  62   6  34  33   5   4   2  55 115  54 112  52  10 109  49 108  48  47   9  42  43 104  41  39 103 119 117  11  37   7  36 111 113  53 106 107  46   8  40  38  19  18  87  86   1  78  77  96  95  28  72  93  70  25  92  22  64  21  63  20
 117  99  82  83  31  80  85  72  63  86  96  60 118  58  59  57  56  61 120  47 106  48  43 103  38  36  33   5 115 113 112  30  98  29  81 100  84  92  24  69  23  71  70  66  67  20  62  89  21  19  18  15  14  13  16  97  79  77  76  95  74   9  46  45  44 108 107  42 105   8 101  41  40   7  37   4   3  35   6  55 114  53  52 111  51  11 116 119  49 109 110  39 102 104  32   2  34  54  10  50  94  73  25  68  93  22  91  90  65  64  88   1  12  87  17  78  28  27  75  26
 118  83  99  82 100  98  81  73  77  62  14 117  60 120 119  11  59  57 116 108  46  44  55 112  54 105  39  38  37  33  32  85  84  31  30  29  80  70  93  25  24  69  68  79  78  96  76  28  26  22  67  63  20  65  90  19  88  15  86  87  12  48 107  47   9  45 106 115 114  10  52  51  50  43  42 104  40 102   8   7  36  35  34   4   2  61  58  56 110  49 109 113  53 111 103  41 101   5   6   3  72  94  71  92  23  97  95  27  75  74  66  21  64  91  89  18  17  16  13   1
 119  84  85 100  81  30  82  78  87  64  93 120  61  56  57  59  58 118  60 111  52  54  37  34   6  42 104  40 109 108 107  80  29  98  31  83  99  74  26  95  27  77  76  18  19  16  17  12  14  67  66  65  21  91  20  73  94  71  70  69  92  50  51  53  10 113 112  36   7   3   2  32   5 105  43 102   8  39  38 110  49  45 106  47  46 116  11 117 114 115  55  35   4  33  41 101 103  48  44   9  79  97  75  28  96  88  13   1  15  86  22  90  89  63  62  72  68  23  25  24
 120  85 100  84  98  99  80  79  65  70  16  61 119  11  58 118 117 116  56  53 112  50 105  41  40  49 108  48  36  35  34  31  30  83  82  81  29  28  27  77  96  75  74  22  66  21  64  62  90  73  72  71  93  25  23  88  18  87  17  13  86  10  52 113  54 111  51  43  42  38 103 101   8 110 109  47   9  45  44  37   7   4   2  33  32  59  60  57 115  55 114 104  39 102 107  46 106   6   3   5  97  78  95  76  26  67  63  20  91  89  94  24  92  69  68  19  12   1  15  14
   1   2   3   4   5   6   7   8   9  10  11  13  12  16  18  14  19  15  17  23  26  29  20  27  30  21  24  31  22  25  28  36  34  33  37  32  35  50  56  44  57  45  51  40  42  58  52  54  60  38  43  47  59  48  61  39  41  46  53  49  55  80  74  69  81  68  75  66  64  82  78  76  84  63  67  72  85  71  83  62  65  70  79  73  77  86  87  88  89  90  91  92  93  94  95  96  97  98  99 100 102 101 106 111 116 103 109 119 107 114 104 117 115 110 113 105 112 120 108 118
   1   3   2   1   6   5   1   1  10   9   1   3   2   1   6   5   1   1  10   9
   3   2   1   5   4   2   2   9   8   2   3   2   1   5   4   2   2   9   8   2
   2   1   3   6   3   4   3  10   3   8   2   1   3   6   3   4   3  10   3   8
   4   5   6   4   2   3   8   7   4   4   4   5   6   4   2   3   8   7   4   4
   6   4   5   2   5   1   9   5   7   5   6   4   5   2   5   1   9   5   7   5
   5   6   4   3   1   6  10   6   6   7   5   6   4   3   1   6  10   6   6   7
   7   7   7   8   9  10   7   4   5   6   7   7   7   8   9  10   7   4   5   6
   8   9  10   7   8   8   4   8   2   3   8   9  10   7   8   8   4   8   2   3
  10   8   9   9   7   9   5   2   9   1  10   8   9   9   7   9   5   2   9   1
   9  10   8  10  10   7   6   3   1  10   9  10   8  10  10   7   6   3   1  10
   1   1   4   5   8   5   8   4   6   7   3  17  14  16  19  20  16  13  20  14   1   1   8   8   4   4   5   5  17  19  13   6  20  20   7  14  14   3  16  16
   2   2   7   3   6   3   6   7   8   4   5  20  19  13  14  17  13  16  17  19   2   2   6   6   7   7   3   3  20  14  16   8  17  17   4  19  19   5  13  13
   7   6   3   6   3   7   2   2  10  12  13  16  12  15  16  10   9   1   8   4   6   7   3   2   3   2   6   7  16  16   1  10  10   8  12  12   4  13  15   9
   8   5   8   4   1   1   4   5  11  14  12  19  18  12   2   6   3  19  11   9   5   8   1   4   8   5   4   1  19   2  19  11   6  11  14  18   9  12  12   3
   4   8   5   8   5   4   1   1  15   9  16  13   9  10  13  15  12   2   6   7   8   4   5   1   5   1   8   4  13  13   2  15  15   6   9   9   7  16  10  12
   3   7   2   2   7   6   3   6  17  11  15   1   4   5  20  18  15  20  10  11   7   3   7   3   2   6   2   6   1  20  20  17  18  10  11   4  11  15   5  15
   6   3   6   7   2   2   7   3  18  19   9  14  11   9   1   8   5  14  18  12   3   6   2   7   6   3   7   2  14   1  14  18   8  18  19  11  12   9   9   5
   5   4   1   1   4   8   5   8  20  18  10   2   7   3  17  11  10  17  15  18   4   5   4   5   1   8   1   8   2  17  17  20  11  15  18   7  18  10   3  10
  11  10  15  18  13  19  14  16   9  13  14   9  15  18   5   5   4   7   7   3  10  11  13  14  15  16  18  19   9   5   7   9   5   7  13  15   3  14  18   4
   9  11  16  20  12  18  13  17  16  10  17   3   3   6  10  12  18   8   5   8  11   9  12  13  16  17  20  18   3  10   8  16  12   5  10   3   8  17   6  18
  10   9  17  19  14  20  12  15  19  20  11   4   8   4   6   7   6  11  12  15   9  10  14  12  17  15  19  20   4   6  11  19   7  12  20   8  15  11   4   6
  18  15  10  11  16  14  19  13  12  16  19  12  10  11   3   3   7   4   4   5  15  18  16  19  10  13  11  14  12   3   4  12   3   4  16  10   5  19  11   7
  19  17   9  10  15  12  20  14   5   5   1  15  13  17   9  13  19   3   2   2  17  19  15  20   9  14  10  12  15   9   3   5  13   2   5  13   2   1  17  19
  20  16  11   9  17  13  18  12   7   2   7  18  20  14   4   1   1   9  14  16  16  20  17  18  11  12   9  13  18   4   9   7   1  14   2  20  16   7  14   1
  12  18  13  17   9  11  16  20  13  15  20   5   5   8  15   9  11   6   3   6  18  12   9  16  13  20  17  11   5  15   6  13   9   3  15   5   6  20   8  11
  14  20  12  15  10   9  17  19   3   3   2  10  16  20  12  16  14   5   1   1  20  14  10  17  12  19  15   9  10  12   5   3  16   1   3  16   1   2  20  14
  13  19  14  16  11  10  15  18   1   8   8   6   2   2  18  19  17  10  13  17  19  13  11  15  14  18  16  10   6  18  10   1  19  13   8   2  17   8   2  17
  15  12  20  14  19  17   9  10  14  17  18   7   6   7   8   4   8  18   9  10  12  15  19   9  20  10  14  17   7   8  18  14   4   9  17   6  10  18   7   8
  17  13  18  12  20  16  11   9   4   1   4  11  17  19   7   2   2  12  19  13  13  17  20  11  18   9  12  16  11   7  12   4   2  19   1  17  13   4  19   2
  16  14  19  13  18  15  10  11   2   6   6   8   1   1  11  14  20  15  16  20  14  16  18  10  19  11  13  15   8  11  15   2  14  16   6   1  20   6   1  20
   1   6   4   2   1   3   8   9  24  17  26  14  16  22  13  25  11  23  28  21  24  17  26   9  16  22  10  11  30  25   1   4   6   3   1   2  28  16  16  22  22  21  24  26  10  24  26  30   8  14  25  11  11  25   9  17  13  17  23   9
   4   2   2   5   6   1  11   7  20  13  30  18  28  15  19  14  29   9  15  28  12   9  24  19  22  27  30  18  20  11   6   2   2   1   4   5  15  22  28  27  15  28  20  30  30  12  24  20  11  18  14  18  29  11   7  13  19   9   9  19
   6   3   3   1   4   5  14  19  12   9  24  29  22  27   7  11  18  13  27  22  20  13  30   7  28  15  24  29  12  14   4   3   3   5   6   1  27  28  22  15  27  22  12  24  24  20  30  12  14  29  11  29  18  14  19   9   7  13  13   7
   3   1   5   4   2   4  18  23  10   7  20  25  27  16  23  18  25   7  21  15  26  19  12  17  15  21  12   8  26  29   2   5   1   4   3   4  21  15  27  21  16  15  10  20  12  26  12  26  18  25  18   8  25  29  23   7  23  19   7  17
   5   4   6   3   5   2  25  13  30  23  10  11  21  28   9   8  14  17  22  16  30  23  10  13  21  28  26  14  24   8   5   6   4   2   5   3  22  21  21  28  28  16  30  10  26  30  10  24  25  11   8  14  14   8  13  23   9  23  17  13
   2   5   1   6   3   6  29  17  26  19  12   8  15  21  17  29   8  19  16  27  10   7  20  23  27  16  20  25  10  18   3   1   5   6   2   6  16  27  15  16  21  27  26  12  20  10  20  10  29   8  29  25   8  18  17  19  17   7  19  23
  29  24  14  26  15  21   7  10  23  18  27  16  17  24  14  26   9  21   7  11  18  30  13  27   2   4   3   6   4   3  15  14  24  21  29  26   7   2  17   4  24  11  23  27   3  18  13   4   7  16  26   6   9   3  10  18  14  30  21  27
  30  23  16  27  13  20  12   8  21  15  29  17  30  18  20  13  27  11   1   6   5   4   6   5   8   9  17  24  14  21  13  16  23  20  30  27   1   8  30   9  18   6  21  29  17   5   6  14  12  17  13  24  27  21   8  15  20   4  11   5
  25  20  18  30  16  22  17  24   9   8  21  28   9  12  29  24  19  28  23  18  25  20   7  16   1   3   5   2   2   1  16  18  20  22  25  30  23   1   9   3  12  18   9  21   5  25   7   2  17  28  24   2  19   1  24   8  29  20  28  16
  28  21  17  29  14  19  16  22  11  10  23  30   4   5   1   6   5   6  29  24  19  14  28  12   7  10  18  23  16  20  14  17  21  19  28  29  29   7   4  10   5  24  11  23  18  19  28  16  16  30   6  23   5  20  22  10   1  14   6  12
  26  19  15  28  17  24  30  18  27  22  11   7  10  11  30  23  22  25   2   5   3   1   1   2  29  17  19  26   8  15  17  15  19  24  26  28   2  29  10  17  11   5  27  11  19   3   1   8  30   7  23  26  22  15  18  22  30   1  25   2
  27  22  13  25  18  23  28  15  29  24   9  12   3   6   4   2   4   3   8  12  17  29  15  26  23  30  25  13  22  10  18  13  22  23  27  25   8  23   3  30   6  12  29   9  25  17  15  22  28  12   2  13   4  10  15  24   4  29   3  26
   8  12  29  24  21  28  23  30  13  25  16  22  13  20  18  30   7  22  17  29   8  12  19  21   5   2   1   3   3   5  21  29  12  28   8  24  17   5  13   2  20  29  13  16   1   8  19   3  23  22  30   3   7   5  30  25  18  12  22  21
  10   7  27  22  23  30  24  29  15  28  14  19  26  14  24  17  28   8   3   1   2   5   5   3  18  23   7  10  25  27  23  27   7  30  10  22   3  18  26  23  14   1  15  14   7   2   5  25  24  19  17  10  28  27  29  28  24   5   8   3
   7  11  30  23  20  25   2   4   6   3   2   4  14  19  15  28  12  24  30  23  22  16  25  11  12   8  15  21  17  19  20  30  11  25   7  23  30  12  14   8  19  23   6   2  15  22  25  17   2   4  28  21  12  19   4   3  15  16  24  11
   9   8  26  19  24  29   6   1   1   6   4   5  25  13  22  16  30  10  10   7  16  27  18  25  24  29  28  15  19   9  24  26   8  29   9  19  10  24  25  29  13   7   1   4  28  16  18  19   6   5  16  15  30   9   1   6  22  27  10  25
  11  10  25  20  22  27  13  20   7  11  22  27  19  26   8  12  17  15   9   8  14  26  17  28   6   1   6   1   5   4  22  25  10  27  11  20   9   6  19   1  26   8   7  22   6  14  17   5  13  27  12   1  17   4  20  11   8  26  15  28
  12   9  28  21  19  26  26  14  28  21   8   9  20  25  10   7  16  18   4   2   4   2   3   6  11   7  13  20  18  22  19  28   9  26  12  21   4  11  20   7  25   2  28   8  13   4   3  18  26   9   7  20  16  22  14  21  10   2  18   6
  18  30  11  10  27  16  19  26  17  29  15  21  23  30  11  10  13  16  19  14  29  24   9  15   3   6   2   4   6   2  27  11  30  16  18  10  19   3  23   6  30  14  17  15   2  29   9   6  19  21  10   4  13   2  26  29  11  24  16  15
  15  28   9   8  29  17  22  27  18  30  13  20   2   4   6   3   6   2  25  20  23  18  27  10  17  24   8   9  28  26  29   9  28  17  15   8  25  17   2  24   4  20  18  13   8  23  27  28  22  20   3   9   6  26  27  30   6  18   2  10
  13  25  10   7  30  18   4   5   5   4   6   1   8   9  28  21  24  26  26  19  21  15  29   8  30  18  22  27   7  13  30  10  25  18  13   7  26  30   8  18   9  19   5   6  22  21  29   7   4   1  21  27  24  13   5   4  28  15  26   8
  17  29  12   9  26  14   5   2   3   1   1   3  29  17  21  15  26  12  20  13  27  22  11  18  10  11  16  22  13  23  26  12  29  14  17   9  20  10  29  11  17  13   3   1  16  27  11  13   5   3  15  22  26  23   2   1  21  22  12  18
  14  26   8  12  28  15   9  12  19  14  28  15   7  10  25  20  23  27  13  25  11  10  23  22   4   5   4   5   1   6  28   8  26  15  14  12  13   4   7   5  10  25  19  28   4  11  23   1   9  15  20   5  23   6  12  14  25  10  27  22
  16  27   7  11  25  13  27  16  25  20   7  10   1   3   3   1   2   5  14  26   9   8  21  24   9  12  14  19  15  24  25   7  27  13  16  11  14   9   1  12   3  26  25   7  14   9  21  15  27  10   1  19   2  24  16  20   3   8   5  24
  24  17  21  15   9  12  20  25  16  27  18  23  24  29  12   9  15  14   5   4   1   6   4   1  25  13  23  30  11  16   9  21  17  12  24  15   5  25  24  13  29   4  16  18  23   1   4  11  20  23   9  30  15  16  25  27  12   6  14   1
  22  16  23  18  11   7  21  28  14  26  17  24   6   1   5   4   1   4  18  30   7  11  22  20  19  26  29  17  21  12  11  23  16   7  22  18  18  19   6  26   1  30  14  17  29   7  22  21  21  24   4  17   1  12  28  26   5  11   4  20
  19  14  24  17  12   8   3   6   4   2   3   6  11   7  27  22  20  30  24  17  28  21   8  14  20  25  27  16  23   7  12  24  14   8  19  17  24  20  11  25   7  17   4   3  27  28   8  23   3   6  22  16  20   7   6   2  27  21  30  14
  23  18  20  13  10  11   1   3   2   5   5   2  18  23  16  27  10  20  12   9  15  28  14  29  26  14  21  28   9  17  10  20  18  11  23  13  12  26  18  14  23   9   2   5  21  15  14   9   1   2  27  28  10  17   3   5  16  28  20  29
  20  13  22  16   7  10  10  11  22  16  25  13  12   8  26  19  21  29   6   3   6   3   2   4  14  19   9  12  29  28   7  22  13  10  20  16   6  14  12  19   8   3  22  25   9   6   2  29  10  13  19  12  21  28  11  16  26   3  29   4
  21  15  19  14   8   9  15  21   8  12  19  26   5   2   2   5   3   1  11  10  13  25  16  30  13  20  11   7  27  30   8  19  15   9  21  14  11  13   5  20   2  10   8  19  11  13  16  27  15  26   5   7   3  30  21  12   2  25   1  30
   1   6  23  16  15  24  12  24   3   1  23  11  16  11  14   8   1   6   1   3  12  15   8  14   1  16  24   3  12  11  15  23  12   1  14   8   6  24  23  14   1  15   1  16   3   6  11   8
   4   2  21  18  17  22  18  10  17   9   5   2   2   5  10  21   7  20  22   9  20   7   2   4  22   2  10   9  18   5  17  21  20   7  10   2   2  22   5   4   9   7   4  18  17  20   2  21
  12  24   3   1  23  11   6   3  24  15  14  19  15  12  16  11   6   3  16  23   1   3  14  19  16  15   3  23   6  12  23   3   1   6  16  14  24  11  14  19  15   3  12   1  24   3  19  11
   9  22   5   4  21  10  17   9  13   7   4   5  21  18   4   2  22  17   2   4   7  13  10  18   2  21   9   4  17  18  21   5   7  22   4  10  22  10   4  18   7  13   9   4  13  17   5   2
  18  10  17   9   5   2   5   4  20  13  18  21  22  17   2   5  20  13  21  10  22   9   4   5  21  22   4  10   5  17   5  17  22  20   2   4  10   2  18   5  13   9  18   9  20  13  21   5
  16  11  15  12   3   6  11  23   6   3  19   8   1   6   8  19  12  24  15  24   6   1  16  23  15   1  23  24  11   6   3  15   6  12   8  16  11   6  19  23   3   1  16  12   6  24   8  19
  22  17  10  21   7  13   7  20   4   2  22   9  18  10  13   7   4   2   9  17  18  21  20   7   9  18  20  17   7  10   7  10  18   4  13  20  17  13  22   7   2  21  22  21   4   2   9   7
  23  16   8  19  12  15  14   8  16  11   6   1  11  23  24  15  14   8  24  12  19   8   6   1  24  11   8  12  14  23  12   8  19  14  24   6  16  15   6   1  11   8  23  19  16   8   1  15
   7  20   4   2  22   9  20  13   9  22  10  18  17   9  18  10   2   5   4   5   9  17   7  13   4  17  13   5  20   9  22   4   9   2  18   7  20   9  10  13  22  17   7   2   9   5  18  10
  10  21   2   5  20   7  13   7  18  10   2   4   5   4   9  22  10  21  10  18  13  20  22   9  10   5   7  18  13   4  20   2  13  10   9  22  21   7   2   9  10  20  10   5  18  21   4  22
  14   8  16  11   6   1  19  14  12  24  11  16   6   3  11  23   8  19  23  11  24  12   1   3  23   6  14  11  19   3   6  16  24   8  11   1   8   1  11   3  24  12  14  11  12  19  16  23
  15  12  14   8   1   3   8  19   1   6  24  12  12  24  19  14  16  11   3   6  11  16  12  15   3  12  19   6   8  24   1  14  11  16  19  12  12   3  24  15   6  16  15   8   1  11  12  14
  20  13   9  22  10  18  22  17  10  21   7  13  13   7  17   9   5   4  18  21   4   5  13  20  18  13  17  21  22   7  10   9   4   5  17  13  13  18   7  20  21   5  20  22  10   4  13   9
  24  15  11  23   8  14  15  12  14   8   1   3  19  14   3   1  23  16  11  16  14  19  24  12  11  19  12  16  15  14   8  11  14  23   3  24  15  14   1  12   8  19  24  23  14  16   3   1
   6   3  24  15  14  19   1   6  23  16  15  24  14   8  15  12   3   1  12  15  16  23  19   8  12  14   6  15   1   8  14  24  16   3  15  19   3  19  15   8  16  23   6  15  23   1  24  12
   3   1  19  14  16  23  16  11  15  12   3   6   8  19  23  16  15  12   6   1   8  14  11  16   6   8  11   1  16  19  16  19   8  15  23  11   1  23   3  16  12  14   3  14  15  12   6  16
  17   9  13   7   4   5   2   5  22  17  13  20   7  20  21  18  17   9  17  22   2   4  18  21  17   7   5  22   2  20   4  13   2  17  21  18   9   5  13  21  17   4  17   7  22   9  20  18
  13   7  18  10   2   4  21  18   7  20   9  17  20  13   5   4  21  18   5   2  10  18   9  17   5  20  18   2  21  13   2  18  10  21   5   9   7   4   9  17  20  18  13  10   7  18  17   4
  19  14  12  24  11  16  23  16   8  19  12  15  24  15   6   3  19  14  19   8  23  11   3   6  19  24  16   8  23  15  11  12  23  19   6   3  14  16  12   6  19  11  19  24   8  14  15   3
  21  18   7  20   9  17  10  21   2   5  20   7   9  22  20  13  18  10  13  20   5   2  17  22  13   9  21  20  10  22   9   7   5  18  20  17  18  17  20  22   5   2  21  20   2  10   7  13
   5   4  20  13  18  21   4   2  21  18  17  22  10  21  22  17  13   7  20   7  21  10   5   2  20  10   2   7   4  21  18  20  21  13  22   5   4  21  17   2  18  10   5  13  21   7  22  17
   2   5  22  17  13  20   9  22   5   4  21  10   4   2   7  20   9  22   7  13  17  22  21  10   7   4  22  13   9   2  13  22  17   9   7  21   5  20  21  10   4  22   2  17   5  22  10  20
  11  23   6   3  19   8   3   1  19  14  16  23  23  16   1   6  24  15   8  14  15  24  23  11   8  23   1  14   3  16  19   6  15  24   1  23  23   8  16  11  14  24  11   3  19  15  23   6
   8  19   1   6  24  12  24  15  11  23   8  14   3   1  12  24  11  23  14  19   3   6  15  24  14   3  15  19  24   1  24   1   3  11  12  15  19  12   8  24  23   6   8   6  11  23  14  24
   1   1   1   7  10  13   4  12  15   9  14   6   8  11   5   1   1   1   7  10  13   4  12  15   9  14   6   8  11   5
   2   2   2  13   7  10  12  15   4   6   9  14  11   5   8   2   2   2  13   7  10  12  15   4   6   9  14  11   5   8
   3   3   3  10  13   7  15   4  12  14   6   9   5   8  11   3   3   3  10  13   7  15   4  12  14   6   9   5   8  11
   7  11  14   4   6   5   1   3   2   8  13   4   9  10   4   7  11  14   4   6   5   1   3   2   8  13   4   9  10   4
   9  12  13   6   5   4  14   5  10  15   5   7   3   2   1   9  12  13   6   5   4  14   5  10  15   5   7   3   2   1
   8  10  15   5   4   6  11  13   6   2   3   1  12   6   7   8  10  15   5   4   6  11  13   6   2   3   1  12   6   7
   4  14  11   1   2   3   7   9   8   7  15   5   7  12   6   4  14  11   1   2   3   7   9   8   7  15   5   7  12   6
   6  15  10  14   8  12   9   8   7   4   8  13   1   3   2   6  15  10  14   8  12   9   8   7   4   8  13   1   3   2
   5  13  12  11  15   9   8   7   9   1   2   3   4   9  10   5  13  12  11  15   9   8   7   9   1   2   3   4   9  10
  15   6   8   3   1   2  10  14   5  10  12  11  10   4   9  15   6   8   3   1   2  10  14   5  10  12  11  10   4   9
  14   4   7   9  11  15   6  11  13  12  11  10   2   1   3  14   4   7   9  11  15   6  11  13  12  11  10   2   1   3
  13   5   9  12  14   8   2   1   3  11  10  12   6   7  12  13   5   9  12  14   8   2   1   3  11  10  12   6   7  12
  12   9   5   2   3   1  13   6  11  13   4   8  13  15  14  12   9   5   2   3   1  13   6  11  13   4   8  13  15  14
  11   7   4   8  12  14   5  10  14   3   1   2  15  14  13  11   7   4   8  12  14   5  10  14   3   1   2  15  14  13
  10   8   6  15   9  11   3   2   1   5   7  15  14  13  15  10   8   6  15   9  11   3   2   1   5   7  15  14  13  15
   1   1   9  13  20  17   4   3  16   6   8  11   6   4   5  14   5   3  16  11   1   1  17   8  14   9  16  16   4   4  13   5   5   6   6  20  11  11   3   3
   2   2   7  15  18  12  11   6   5   3  19   4   3  11  16  10  16   6   5   4   2   2  12  19  10   7   5   5  11  11  15  16  16   3   3  18   4   4   6   6
  16  11   3  17  12   3   8  17  10  12   7  15   7   2   2   9  20   9   1   1  11  16   3   7   9   3  10   1   8   2  17  20   2  12   7  12  15   1  17   9
   6  16  19   4   8  13  13   9   1   1   4  19  12   8  14  15   2   2  18  15  16   6  13   4  15  19   1  18  13   8   4   2  14   1  12   8  19  15   9   2
  11   6  14  10   5  18   2   2  18   7  20   1   1  13  20   5  14  17  10  19   6  11  18  20   5  14  18  10   2  13  10  14  20   7   1   5   1  19   2  17
   5   4   6  12  17   6  19  12  14  17   9  13   9   1   1   7  18   7   2   2   4   5   6   9   7   6  14   2  19   1  12  18   1  17   9  17  13   2  12   7
  10  19  17   3   6   2   7  18   7  15  10  14   8   5   3  19   8  14  11   6  19  10   2  10  19  17   7  11   7   5   3   8   3  15   8   6  14   6  18  14
   9  20  20   1   9  11  14   8   3   4  15   7  18  18   7   4  11  16   8  17  20   9  11  15   4  20   3   8  14  18   1  11   7   4  18   9   7  17   8  16
  14   8  12   6   3   1   9  20   9  13  14  10  19  16   6   8  19  10   4   3   8  14   1  14   8  12   9   4   9  16   6  19   6  13  19   3  10   3  20  10
  15   7  15   7   2  16   3   5  19  10   5  16  11  10  12  20   9  13  13   9   7  15  16   5  20  15  19  13   3  10   7   9  12  10  11   2  16   9   5  13
   3   5   8  11  19  15  15   7   2   2  11   8  17  19  10  13   1   1  20  13   5   3  15  11  13   8   2  20  15  19  11   1  10   2  17  19   8  13   7   1
  18  15   2  18  15   9  20  13  13  20   6  12  10   3   4   3  12  19   6  16  15  18   9   6   3   2  13   6  20   3  18  12   4  20  10  15  12  16  13  19
  17  14   4  19  11  14  12  10   4   5   1  20  13   9  13  17   6  11  12  10  14  17  14   1  17   4   4  12  12   9  19   6  13   5  13  11  20  10  10  11
  13   9  13   9   1   5   6  16   8  14  16   5   4  14  17  18   7  15  15   7   9  13   5  16  18  13   8  15   6  14   9   7  17  14   4   1   5   7  16  15
  12  10  11   8   4  10  17  14  11  16   2  18  15   7  15  12   3   4  17  14  10  12  10   2  12  11  11  17  17   7   8   3  15  16  15   4  18  14  14   4
   4   3  10  14  16  20   1   1  20   9  18   2   2  15  18  16  10  12  14   8   3   4  20  18  16  10  20  14   1  15  14  10  18   9   2  16   2   8   1  12
  20  13   1  20  13   7  18  15  15  18   3  17  14   6  11   6  17   8   3   5  13  20   7   3   6   1  15   3  18   6  20  17  11  18  14  13  17   5  15   8
  19  12   5  16  14  19   5   4  17   8  12   6  16  17   8   2  15  18   7  18  12  19  19  12   2   5  17   7   5  17  16  15   8   8  16  14   6  18   4  18
   7  18  18   2   7   4  10  19   6  11  13   9  20  20   9  11   4   5  19  12  18   7   4  13  11  18   6  19  10  20   2   4   9  11  20   7   9  12  19   5
   8  17  16   5  10   8  16  11  12  19  17   3   5  12  19   1  13  20   9  20  17   8   8  17   1  16  12   9  16  12   5  13  19  19   5  10   3  20  11  20
  12
   1   1   1   1   1   1   1   1   1   1   1   1
   2   3   5   6   2   3   5   6   9  10   9  10
   3   2   6   5   3   2   6   5  10   9  10   9
   4   4   4   4   8   8   7   7   8   8   7   7
   5   6   2   3   9  10   9  10   2   3   5   6
   6   5   3   2  10   9  10   9   3   2   6   5
   7   7   8   8   7   7   8   8   4   4   4   4
   8   8   7   7   4   4   4   4   7   7   8   8
   9  10   9  10   5   6   2   3   5   6   2   3
  10   9  10   9   6   5   3   2   6   5   3   2
   3     1   2   4
   6
   1   1   1   1   1   1
   2   2   2   2   2   2
   3   7   6  13  19  17
   4   8   5  14  20  16
   5   4   8  16  14  20
   6   3   7  17  13  19
   7   6   3  19  17  13
   8   5   4  20  16  14
   9  11  10  12  18  15
  10   9  11  15  12  18
  11  10   9  18  15  12
  12  18  15   9  11  10
  13  19  17   3   7   6
  14  20  16   4   8   5
  15  12  18  10   9  11
  16  14  20   5   4   8
  17  13  19   6   3   7
  18  15  12  11  10   9
  19  17  13   7   6   3
  20  16  14   8   5   4
   5     1   2   3   4   9
   4
   1   1   1   1
   2   4   3   6
   3   6   2   4
   4   3   6   2
   5   5   5   5
   6   2   4   3
   7  29  20  15
   8  30  21  13
   9  25  24  16
  10  28  23  14
  11  26  22  17
  12  27  19  18
  13   8  30  21
  14  10  28  23
  15   7  29  20
  16   9  25  24
  17  11  26  22
  18  12  27  19
  19  18  12  27
  20  15   7  29
  21  13   8  30
  22  17  11  26
  23  14  10  28
  24  16   9  25
  25  24  16   9
  26  22  17  11
  27  19  18  12
  28  23  14  10
  29  20  15   7
  30  21  13   8
   9     1   2   5   7   8   9  10  11  12
   5
   1   1   1   1   1
   2   4   9   7  22
   3  12  15   6  16
   4   9   7  22   2
   5  18  13  20  21
   6  16   3  12  15
   7  22   2   4   9
   8  23  11  14  24
   9   7  22   2   4
  10  10  10  10  10
  11  14  24   8  23
  12  15   6  16   3
  13  20  21   5  18
  14  24   8  23  11
  15   6  16   3  12
  16   3  12  15   6
  17  17  17  17  17
  18  13  20  21   5
  19  19  19  19  19
  20  21   5  18  13
  21   5  18  13  20
  22   2   4   9   7
  23  11  14  24   8
  24   8  23  11  14
   8     1   2   3   5   8  10  17  19
   8
   1   1   1   1   1   1   1   1
   2   3   3   2   2   3   3   2
   3   2   2   3   3   2   2   3
   4   4   7   7  11  14  11  14
   5   6   8   9  12  15  10  13
   6   5   9   8  10  13  12  15
   7   7   4   4  14  11  14  11
   8   9   5   6  15  12  13  10
   9   8   6   5  13  10  15  12
  10  13  12  15   6   5   9   8
  11  14  11  14   4   4   7   7
  12  15  10  13   5   6   8   9
  13  10  15  12   9   8   6   5
  14  11  14  11   7   7   4   4
  15  12  13  10   8   9   5   6
   4     1   2   4   5
   6
   1   1   1   1   1   1
   2   2   2   2   2   2
   3   5   4   6  16  11
   4   3   5  11   6  16
   5   4   3  16  11   6
   6  16  11   3   5   4
   7  18  15  12  10  19
   8  17  14  13   9  20
   9  20  13  17  14   8
  10  19  12  18  15   7
  11   6  16   4   3   5
  12  10  19   7  18  15
  13   9  20   8  17  14
  14   8  17  20  13   9
  15   7  18  19  12  10
  16  11   6   5   4   3
  17  14   8   9  20  13
  18  15   7  10  19  12
  19  12  10  15   7  18
  20  13   9  14   8  17
   5     1   2   3   7   8
