  12
   1   1   1   1   1   1   1   1   1   1   1   1
   2   3   5   6   2   3   5   6   9  10   9  10
   3   2   6   5   3   2   6   5  10   9  10   9
   4   4   4   4   8   8   7   7   8   8   7   7
   5   6   2   3   9  10   9  10   2   3   5   6
   6   5   3   2  10   9  10   9   3   2   6   5
   7   7   8   8   7   7   8   8   4   4   4   4
   8   8   7   7   4   4   4   4   7   7   8   8
   9  10   9  10   5   6   2   3   5   6   2   3
  10   9  10   9   6   5   3   2   6   5   3   2
   3     1   2   4
   6
   1   1   1   1   1   1
   2   2   2   2   2   2
   3   7   6  13  19  17
   4   8   5  14  20  16
   5   4   8  16  14  20
   6   3   7  17  13  19
   7   6   3  19  17  13
   8   5   4  20  16  14
   9  11  10  12  18  15
  10   9  11  15  12  18
  11  10   9  18  15  12
  12  18  15   9  11  10
  13  19  17   3   7   6
  14  20  16   4   8   5
  15  12  18  10   9  11
  16  14  20   5   4   8
  17  13  19   6   3   7
  18  15  12  11  10   9
  19  17  13   7   6   3
  20  16  14   8   5   4
   5     1   2   3   4   9
   4
   1   1   1   1
   2   4   3   6
   3   6   2   4
   4   3   6   2
   5   5   5   5
   6   2   4   3
   7  29  20  15
   8  30  21  13
   9  25  24  16
  10  28  23  14
  11  26  22  17
  12  27  19  18
  13   8  30  21
  14  10  28  23
  15   7  29  20
  16   9  25  24
  17  11  26  22
  18  12  27  19
  19  18  12  27
  20  15   7  29
  21  13   8  30
  22  17  11  26
  23  14  10  28
  24  16   9  25
  25  24  16   9
  26  22  17  11
  27  19  18  12
  28  23  14  10
  29  20  15   7
  30  21  13   8
   9     1   2   5   7   8   9  10  11  12
   5
   1   1   1   1   1
   2   4   9   7  22
   3  12  15   6  16
   4   9   7  22   2
   5  18  13  20  21
   6  16   3  12  15
   7  22   2   4   9
   8  23  11  14  24
   9   7  22   2   4
  10  10  10  10  10
  11  14  24   8  23
  12  15   6  16   3
  13  20  21   5  18
  14  24   8  23  11
  15   6  16   3  12
  16   3  12  15   6
  17  17  17  17  17
  18  13  20  21   5
  19  19  19  19  19
  20  21   5  18  13
  21   5  18  13  20
  22   2   4   9   7
  23  11  14  24   8
  24   8  23  11  14
   8     1   2   3   5   8  10  17  19
   8
   1   1   1   1   1   1   1   1
   2   3   3   2   2   3   3   2
   3   2   2   3   3   2   2   3
   4   4   7   7  11  14  11  14
   5   6   8   9  12  15  10  13
   6   5   9   8  10  13  12  15
   7   7   4   4  14  11  14  11
   8   9   5   6  15  12  13  10
   9   8   6   5  13  10  15  12
  10  13  12  15   6   5   9   8
  11  14  11  14   4   4   7   7
  12  15  10  13   5   6   8   9
  13  10  15  12   9   8   6   5
  14  11  14  11   7   7   4   4
  15  12  13  10   8   9   5   6
   4     1   2   4   5
   6
   1   1   1   1   1   1
   2   2   2   2   2   2
   3   5   4   6  16  11
   4   3   5  11   6  16
   5   4   3  16  11   6
   6  16  11   3   5   4
   7  18  15  12  10  19
   8  17  14  13   9  20
   9  20  13  17  14   8
  10  19  12  18  15   7
  11   6  16   4   3   5
  12  10  19   7  18  15
  13   9  20   8  17  14
  14   8  17  20  13   9
  15   7  18  19  12  10
  16  11   6   5   4   3
  17  14   8   9  20  13
  18  15   7  10  19  12
  19  12  10  15   7  18
  20  13   9  14   8  17
   5     1   2   3   7   8
